14 0.5012019230769231 0.20072115384615385 0.06009615384615385 0.05048076923076923
30 0.8513221153846156 0.24144230769230768 0.04805776742788454 0.07451171874999997
18 0.3319711538461539 0.24295673076923074 0.055282827524038444 0.052913912259615344
10 0.10980769230769219 0.2972355769230769 0.060110051081730766 0.05769418569711536
22 0.9807692307692307 0.39663461538461536 0.038461538461538464 0.08653846153846154
22 0.7301201923076923 0.41995192307692303 0.09376201923076923 0.07930776742788453
10 0.10677884615384606 0.4767788461538461 0.050486403245192296 0.062490234374999926
26 0.2741346153846153 0.5320673076923076 0.052884615384615384 0.05288236177884624
10 0.2995192307692308 0.6106730769230769 0.06011042668269235 0.052866586538461484
14 0.1666346153846155 0.6152163461538461 0.052884615384615384 0.05288236177884617
22 0.3958653846153845 0.6471875 0.0625082632211539 0.08653320312500003
26 0.8449519230769231 0.8052884615384616 0.05048076923076923 0.038461538461538464
6 0.12740384615384615 0.8209134615384616 0.0673076923076923 0.007211538461538462