14 0.5819471153846154 0.2656730769230769 0.05285531850961543 0.055277193509615415
26 0.20973557692307693 0.2975721153846154 0.0480881911057692 0.052891376201923086
10 0.037115384615384744 0.3076923076923077 0.06489295372596154 0.052917292668269195
6 0.5329326923076925 0.36151442307692305 0.0697152944711538 0.06971679687499997
22 0.6770432692307694 0.4243990384615385 0.06492037259615394 0.08653921274038463
26 0.315889423076923 0.42591346153846155 0.05288649338942305 0.052866210937500074
14 0.4510817307692307 0.43209134615384615 0.050494666466346115 0.052884990985577
30 0.22985576923076925 0.521826923076923 0.045649038461538484 0.0673343599759615
10 0.9855769230769231 0.5733173076923077 0.028846153846153848 0.06009615384615385
26 0.8500480769230767 0.6331730769230769 0.050497671274038355 0.0552978515625
22 0.6557932692307691 0.6589663461538462 0.09135216346153853 0.07694711538461536
6 0.9436538461538461 0.6772596153846154 0.06974008413461547 0.0625116436298076
30 0.008413461538461538 0.6899038461538461 0.016826923076923076 0.07692307692307693
6 0.27283653846153844 0.7345192307692308 0.07449444110576924 0.06492675781249975
18 0.0874759615384615 0.7778846153846154 0.05531700721153847 0.052883864182692156
26 0.6442307692307693 0.8076923076923077 0.052884615384615384 0.03365384615384615
22 0.4579326923076923 0.8137019230769231 0.0889423076923077 0.021634615384615384