6 0.4423076923076923 0.18269230769230768 0.0673076923076923 0.014423076923076924
22 0.8221153846153846 0.18629807692307693 0.08653846153846154 0.021634615384615384
6 0.3425480769230769 0.19471153846153846 0.06971153846153846 0.038461538461538464
18 0.6979326923076921 0.20615384615384613 0.050495042067307865 0.05527531550480768
14 0.14098557692307687 0.20983173076923067 0.05528282752403847 0.05769944411057694
22 0.29086538461538464 0.2926923076923077 0.07695688100961541 0.09376727764423073
14 0.5977884615384614 0.3469951923076924 0.052890625000000066 0.052877478966346064
18 0.20824519230769228 0.3863701923076924 0.057693434495192264 0.05048978365384608
26 0.4305769230769231 0.47858173076923083 0.052910156250000014 0.057689302884615316
26 0.5967307692307693 0.49100961538461535 0.055280573918269266 0.05769005408653855
10 0.27730769230769237 0.5331971153846152 0.05046687199519235 0.06489182692307693
10 0.5513701923076924 0.5790144230769231 0.050472506009615344 0.06489708533653846
14 0.8245192307692307 0.5971874999999999 0.052851562499999824 0.06007624699519235