7 0.44711538461538464 0.20793269230769232 0.07211538461538461 0.06490384615384616
14 0.08923076923076924 0.21637019230769228 0.057685922475961535 0.052876352163461496
6 0.7846153846153848 0.22062499999999993 0.06730168269230756 0.067294921875
13 0.5392307692307694 0.2626682692307692 0.0841248497596153 0.057703951322115365
22 0.2040865384615384 0.2752884615384615 0.06252403846153844 0.08414851262019227
21 0.6595192307692306 0.3996394230769231 0.09375075120192317 0.07693659855769233
15 0.02283653846153846 0.4074519230769231 0.04567307692307692 0.07451923076923077
22 0.3945432692307692 0.4104807692307692 0.0913630558894231 0.07213266225961536
36 0.1522836538461539 0.43177884615384615 0.09376727764423075 0.0985509314903846
4 0.8646634615384616 0.5041346153846155 0.06491511418269241 0.0648869441105769
6 0.27711538461538454 0.5464663461538463 0.0745098407451923 0.06250563401442313
27 0.5837500000000001 0.5846153846153848 0.08413273737980766 0.06491811899038472
32 0.8422596153846157 0.6486778846153847 0.06009652944711546 0.09855694110576915
4 0.037451923076923174 0.6788942307692307 0.06490685096153846 0.06488882211538456
35 0.4257211538461539 0.6840865384615386 0.09136155348557692 0.08892315204326916
10 0.6236057692307692 0.7581249999999999 0.05769118088942312 0.05529409555288467
16 0.25757211538461533 0.7867788461538461 0.05771747295673077 0.07210674579326938