10 0.44036057692307706 0.32872596153846156 0.060093149038461476 0.05289100060096151
26 0.5561298076923078 0.34403846153846157 0.0504969200721154 0.05287222055288455
6 0.7990144230769233 0.40605769230769234 0.06006986177884626 0.0721375450721154
30 0.3426923076923076 0.4240384615384615 0.06973219651442306 0.048075420673076893
30 0.7018990384615384 0.45137019230769226 0.0432865084134615 0.07212477463942307
10 0.9606730769230771 0.4751923076923077 0.050468374399038396 0.06492074819711541
18 0.20317307692307687 0.5091586538461539 0.05527155949519228 0.04808030348557693
6 0.7194711538461538 0.5758173076923078 0.06972693810096167 0.06489182692307693
30 0.6057211538461539 0.6107451923076923 0.04804311899038456 0.07451772836538459
26 0.090360576923077 0.6492307692307692 0.0504578575721154 0.04810772235576922
22 0.2998798076923077 0.6611538461538462 0.0889543269230769 0.06728177584134634
22 0.9245192307692306 0.6913221153846153 0.08895132211538453 0.06971116286057685
30 0.19182692307692298 0.698125 0.04566218449519228 0.06972167968749989
18 0.6797836538461538 0.7393028846153846 0.05288874699519233 0.05529522235576924
14 0.5524038461538461 0.7591586538461537 0.050486403245192366 0.050495042067307865
6 0.4423076923076923 0.8016826923076923 0.0673076923076923 0.04567307692307692
22 0.8221153846153846 0.8052884615384616 0.08653846153846154 0.038461538461538464
6 0.3425480769230769 0.8149038461538461 0.06971153846153846 0.019230769230769232