6 0.5730048076923077 0.2556009615384615 0.0697288161057692 0.06731219951923073
22 0.2818269230769231 0.3359375 0.07451434795673073 0.08654822716346158
6 0.7272115384615384 0.4098076923076924 0.06973520132211555 0.060115309495192386
10 0.9134375 0.41598557692307697 0.04809833233173076 0.06730694110576921
22 0.5310817307692306 0.43942307692307697 0.07208721454326923 0.09133263221153844
14 0.9867788461538461 0.4651442307692308 0.026442307692307692 0.055288461538461536
10 0.3031490384615385 0.49622596153846155 0.05287222055288458 0.0648997145432692
18 0.7800480769230769 0.5335096153846154 0.055255408653845976 0.057685171274038376
26 0.661610576923077 0.533701923076923 0.052880859375000054 0.057674654447115344
26 0.17408653846153838 0.6019230769230769 0.0456914813701923 0.050490159254807696
6 0.28264423076923084 0.6024519230769231 0.06969801682692306 0.055310621995192245
22 0.5094230769230769 0.6322115384615384 0.08894681490384612 0.09132061298076923
30 0.8473076923076923 0.642764423076923 0.050469501201922964 0.0649079777644231
18 0.4062259615384616 0.6855769230769231 0.04808556189903845 0.05771033653846166
30 0.7683894230769233 0.7479326923076923 0.06492262620192307 0.05047325721153857
18 0.5052884615384616 0.7525961538461539 0.057696439302884636 0.04810809795673056
10 0.21153846153846154 0.7992788461538461 0.057692307692307696 0.05048076923076923
18 0.5 0.8173076923076923 0.057692307692307696 0.014423076923076924
14 0.375 0.8197115384615384 0.052884615384615384 0.009615384615384616