14 0.8578124999999998 0.24262019230769233 0.052880108173077096 0.05288949819711542
10 0.8256009615384616 0.3206490384615384 0.0648944561298077 0.055273813100961564
22 0.14579326923076918 0.3706730769230769 0.07932955228365383 0.09374136117788463
26 0.7978125000000003 0.39855769230769234 0.055292217548076866 0.055277193509615415
22 0.5464423076923078 0.40891826923076924 0.09374098557692315 0.08171536959134616
18 0.0802403846153846 0.41192307692307695 0.050463867187500004 0.05530423677884609
18 0.016826923076923076 0.44711538461538464 0.03365384615384615 0.057692307692307696
14 0.5069471153846153 0.4794230769230769 0.05288874699519233 0.0528831129807692
22 0.4631730769230768 0.5465144230769231 0.0961560997596153 0.07932128906249994
26 0.8814903846153848 0.6037740384615385 0.05288912259615367 0.05047738882211531
10 0.4160576923076924 0.6117788461538461 0.062494365985576866 0.05526479867788451
14 0.35235576923076933 0.6839423076923077 0.05525803786057701 0.06007023737980761
10 0.7536057692307693 0.8004807692307693 0.05048076923076923 0.04807692307692308
26 0.6862980769230769 0.8197115384615384 0.055288461538461536 0.009615384615384616