35 0.7639182692307691 0.4211778846153846 0.08894343449519226 0.0769185697115385
8 0.36865384615384617 0.43177884615384615 0.05528132512019222 0.08654409555288467
9 0.05247596153846164 0.4466826923076923 0.0865516075721154 0.02883451021634624
33 0.22254807692307702 0.4651442307692308 0.07454664963942306 0.09377065805288459
6 0.5636538461538462 0.5113701923076923 0.06730806790865393 0.0696953876201923
30 0.2600240384615384 0.5560576923076923 0.06970665564903843 0.04807692307692308
23 0.8962980769230767 0.6711778846153845 0.08895132211538453 0.06250338040865398
22 0.12451923076923066 0.6772596153846154 0.09613957331730767 0.0913352614182692
14 0.6896634615384618 0.7096394230769231 0.05770996093750004 0.05287034254807702
30 0.3781971153846155 0.7348076923076923 0.04807729867788469 0.07453425480769237
14 0.19230769230769232 0.8209134615384616 0.052884615384615384 0.007211538461538462