36 0.5081009615384615 0.36870192307692307 0.08414100060096147 0.10335298978365379
15 0.8148076923076923 0.4022596153846153 0.07695312500000011 0.08173903245192313
36 0.6264903846153843 0.4258894230769231 0.07931753305288461 0.09856708233173077
3 0.36471153846153853 0.48831730769230763 0.08654371995192306 0.07212402343749999
9 0.007211538461538462 0.4951923076923077 0.014423076923076924 0.08173076923076923
13 0.9097115384615386 0.5474278846153846 0.0745398888221155 0.07692007211538456
10 0.09711538461538456 0.5563701923076922 0.06487980769230768 0.05050706129807695
6 0.5675721153846154 0.5954086538461538 0.06731107271634616 0.06730280949519234
22 0.7543990384615383 0.5964423076923077 0.08894981971153836 0.09134803185096158
21 0.46831730769230784 0.6464663461538461 0.09132474459134617 0.0624819711538461
18 0.26973557692307704 0.7184375000000001 0.050475510817307716 0.0552910907451923
3 0.9603365384615384 0.7391826923076923 0.07932692307692307 0.06490384615384616
14 0.6993028846153848 0.7857932692307692 0.057703575721153956 0.05768667367788456
7 0.44711538461538464 0.8161057692307693 0.07211538461538461 0.016826923076923076