18 0.7548076923076923 0.18269230769230768 0.057692307692307696 0.014423076923076924
22 0.18389423076923078 0.1875 0.0889423076923077 0.02403846153846154
10 0.9254807692307693 0.19471153846153846 0.0673076923076923 0.038461538461538464
26 0.3939663461538461 0.24264423076923075 0.050480018028846135 0.052910531850961555
10 0.48127403846153854 0.2682692307692308 0.052869966947115404 0.06489483173076924
6 0.26084134615384613 0.3259615384615385 0.06968299278846153 0.06010667067307688
22 0.17084134615384627 0.37841346153846156 0.07691594050480767 0.0913427734375
26 0.9915865384615384 0.4182692307692308 0.016826923076923076 0.057692307692307696
22 0.8833653846153846 0.4218028846153847 0.09378605769230766 0.07935434194711537
18 0.08968749999999986 0.42649038461538463 0.05287034254807692 0.05050743689903843
26 0.6019951923076922 0.4996634615384616 0.050508939302884616 0.05528996394230772
14 0.8567548076923079 0.5150721153846154 0.055269681490384616 0.05530423677884609
6 0.8364663461538462 0.6052163461538461 0.07691331129807685 0.06488882211538456
14 0.6157451923076922 0.6398317307692308 0.04808781550480772 0.055288461538461536
18 0.7198557692307693 0.6562019230769232 0.050479266826923046 0.06251802884615369
14 0.9735576923076923 0.6610576923076923 0.052884615384615384 0.0625
30 0.5576682692307693 0.793485576923077 0.07689340444711536 0.048097956730769144
22 0.36899038461538464 0.7944711538461539 0.0889423076923077 0.06009615384615385
30 0.17548076923076922 0.8233173076923077 0.07211538461538461 0.002403846153846154
6 0.44591346153846156 0.8209134615384616 0.06490384615384616 0.007211538461538462