14 0.6395192307692307 0.25588942307692303 0.05286808894230761 0.06009164663461542
30 0.25473557692307697 0.33639423076923075 0.05770620492788458 0.05290790264423073
22 0.5770913461538463 0.35048076923076926 0.07693622295673072 0.09375901442307688
26 0.39769230769230784 0.3543509615384616 0.050480018028846135 0.050494290865384636
14 0.6338701923076925 0.42812500000000003 0.05769531250000007 0.052880483774038436
6 0.496610576923077 0.4683413461538461 0.07450195312500003 0.06728365384615387
22 0.28408653846153836 0.4981490384615385 0.09133375901442305 0.0769260817307693
26 0.8696634615384615 0.5549759615384615 0.05286696213942303 0.052873722956730734
22 0.42555288461538454 0.568173076923077 0.07213228665865387 0.09372859074519233
6 0.06711538461538452 0.5700721153846153 0.057709585336538465 0.06731107271634616
18 0.5797355769230769 0.5971394230769231 0.05288123497596153 0.055292593149038484
26 0.7596634615384615 0.6221153846153846 0.05290865384615383 0.06008150540865387
30 0.3342548076923076 0.6569230769230768 0.06728891225961539 0.04326059194711554
30 0.06884615384615381 0.6956009615384615 0.06971228966346155 0.04567195012019235
18 0.5523557692307691 0.7036538461538462 0.06008864182692305 0.050469125600961624
26 0.8771394230769233 0.7054567307692309 0.052887620192307756 0.055273437499999946
10 0.41817307692307704 0.7673798076923077 0.057660381610576975 0.057707331730769286
18 0.0706971153846153 0.7870432692307692 0.05048602764423078 0.05769869290865378
14 0.7795913461538461 0.7889903846153847 0.055288461538461536 0.05287034254807675
10 0.5817307692307693 0.8004807692307693 0.04807692307692308 0.04807692307692308
10 0.2247596153846154 0.8161057692307693 0.06009615384615385 0.016826923076923076