10 0.5084615384615384 0.22036057692307695 0.06487717848557696 0.05530048076923076
26 0.2879567307692307 0.2779567307692308 0.055281700721153834 0.05529522235576924
14 0.3746153846153847 0.35877403846153844 0.05048490084134617 0.05046724759615383
26 0.22108173076923082 0.39930288461538466 0.052872971754807714 0.05769418569711536
22 0.6275480769230768 0.43146634615384616 0.07693847656250007 0.09376539963942307
18 0.7164182692307691 0.44281249999999994 0.0528564453125 0.06008150540865387
30 0.15966346153846145 0.47507211538461536 0.05526554987980769 0.05526817908653843
22 0.9258894230769232 0.5010336538461538 0.09137094350961551 0.09375
6 0.04389423076923075 0.5035576923076923 0.06730356069711539 0.06488656850961541
22 0.09057692307692296 0.5764663461538462 0.08894080528846154 0.08412297175480771
10 0.7605769230769233 0.5986538461538462 0.06489257812499989 0.05288949819711535
14 0.4239182692307693 0.6285336538461539 0.05530273437500004 0.05048227163461542
6 0.2750240384615384 0.6319711538461538 0.06007662259615383 0.07211162860576928
26 0.6489182692307693 0.6331730769230769 0.052894756610577076 0.052888371394230714
18 0.15935096153846146 0.6418990384615384 0.05528432992788461 0.05291240985576916
18 0.5624759615384616 0.7371153846153846 0.05765925480769227 0.055291841947115256
10 0.11346153846153857 0.7406971153846154 0.05289888822115385 0.06731633112980753
22 0.46274038461538464 0.7685096153846155 0.08894606370192303 0.09133789062499996
30 0.3467067307692308 0.7892067307692306 0.05527644230769232 0.06010253906249993