26 0.8449519230769231 0.18389423076923078 0.05048076923076923 0.016826923076923076
6 0.12740384615384615 0.20673076923076922 0.0673076923076923 0.0625
10 0.9309375 0.26591346153846157 0.06489145132211532 0.05526479867788458
6 0.5774519230769232 0.2740144230769231 0.0745304987980769 0.05772611177884614
22 0.15646634615384622 0.39776442307692317 0.0865516075721154 0.09852351262019231
18 0.22596153846153846 0.4824759615384616 0.0480412409855769 0.057678410456730805
6 0.37913461538461546 0.5489182692307693 0.07211651141826919 0.06488844651442308
14 0.513028846153846 0.5565384615384615 0.05047137920673077 0.05048452524038456
30 0.07634615384615383 0.5752884615384617 0.06250788762019231 0.05526479867788458
26 0.3892788461538463 0.6508413461538461 0.05290076622596155 0.05528019831730765
30 0.23560096153846152 0.6974999999999999 0.062476337139423035 0.05528019831730765
6 0.451153846153846 0.7223557692307693 0.06732046274038463 0.0648880709134616