9 0.39545673076923077 0.33475961538461535 0.08891263521634613 0.02403320312500002
35 0.7648557692307694 0.4202884615384615 0.08653395432692325 0.07453087439903837
9 0.054615384615384684 0.44737980769230773 0.0817461688701923 0.02644869290865378
33 0.22377403846153854 0.4647596153846153 0.07692082331730771 0.0937616436298076
34 0.47314903846153855 0.46961538461538466 0.08414287860576927 0.07450608473557697
8 0.3521875 0.4788221153846154 0.08413649338942306 0.06009127103365381
6 0.5707211538461537 0.515625 0.06970327524038457 0.06491060697115386
15 0.8889423076923075 0.5420192307692309 0.08893442007211541 0.06010291466346155
30 0.26187500000000014 0.5543750000000001 0.07212139423076923 0.05046311598557688
23 0.8966826923076923 0.6738221153846153 0.09133676382211539 0.060112304687500014
22 0.12475961538461533 0.6777163461538461 0.09374737079326924 0.08654071514423095
14 0.6876923076923075 0.7106971153846153 0.057689302884615316 0.052883864182692156
30 0.378389423076923 0.7354326923076923 0.048082181490384596 0.07211050180288471
14 0.19471153846153846 0.8221153846153846 0.052884615384615384 0.004807692307692308