18 0.4206730769230769 0.1971153846153846 0.04807692307692308 0.04326923076923077
30 0.606153846153846 0.2607692307692308 0.06491248497596146 0.04570612980769235
26 0.09651442307692303 0.2861298076923076 0.05527907151442308 0.0481032151442308
30 0.6081009615384616 0.39293269230769223 0.0673091947115385 0.04569073016826927
30 0.212596153846154 0.44850961538461537 0.0600728665865385 0.05048414963942308
10 0.42228365384615374 0.4631490384615385 0.06007324218749998 0.062498497596153814
22 0.8529086538461537 0.4699759615384615 0.09133864182692318 0.093778545673077
6 0.7099999999999997 0.5036057692307693 0.06250075120192324 0.0792912409855769
22 0.11112980769230774 0.5372596153846154 0.08413161057692307 0.06013258713942312
26 0.337908653846154 0.6031009615384615 0.05050105168269234 0.05529296874999989
18 0.6729567307692309 0.6216105769230769 0.05285268930288467 0.060086763822115384
18 0.4120192307692307 0.6669711538461538 0.05526404747596148 0.06007136418269245
6 0.9372596153846156 0.6718509615384616 0.0648978365384614 0.0696890024038462
14 0.2906009615384615 0.6777163461538461 0.05291316105769235 0.057674654447115614
14 0.06384615384615372 0.6972115384615385 0.05046987680288462 0.05770545372596148
10 0.4559374999999999 0.7615624999999999 0.0552644230769231 0.06489558293269226
6 0.08052884615384616 0.8028846153846154 0.06971153846153846 0.04326923076923077