34 0.4481971153846155 0.40514423076923084 0.05049241286057683 0.09372220552884623
35 0.7643269230769232 0.4214903846153846 0.08653545673076916 0.07453012319711541
9 0.055384615384615296 0.4478846153846154 0.08175518329326922 0.03126953125000002
33 0.22423076923076918 0.4634615384615385 0.07690842848557694 0.0961647385817308
8 0.35677884615384603 0.4778125 0.08415827824519234 0.05290039062499993
6 0.5643990384615384 0.5113701923076923 0.06490534855769234 0.06732459435096157
15 0.8880769230769232 0.5412740384615385 0.08653658353365373 0.060086763822115384
30 0.26257211538461545 0.555673076923077 0.06971304086538464 0.05047137920673077
23 0.8972355769230769 0.6726201923076923 0.08893967848557693 0.06251389723557702
22 0.1256490384615384 0.6770192307692308 0.09376089242788463 0.08414776141826917
14 0.6880769230769231 0.7109375 0.06009953425480756 0.052877103365384724
30 0.37870192307692296 0.7349038461538462 0.04568697415865381 0.07212928185096136
14 0.1935096153846154 0.8209134615384616 0.05048076923076923 0.007211538461538462