9 0.3948798076923076 0.33516826923076926 0.08414550781250003 0.021634990985576998
35 0.7643990384615384 0.42045673076923085 0.08656325120192321 0.07694298377403842
9 0.053461538461538484 0.44750000000000006 0.08652381310096152 0.028864182692307675
33 0.2231009615384614 0.46468750000000003 0.07690767728365386 0.09616736778846156
34 0.47307692307692295 0.4687019230769231 0.08414250300480766 0.0769309645432692
8 0.35230769230769216 0.4792067307692308 0.08412747896634606 0.06009577824519223
6 0.5698317307692307 0.5150961538461538 0.07210374098557701 0.06970064603365381
15 0.8884374999999998 0.5413701923076922 0.08892690805288449 0.06010779747596145
30 0.26211538461538453 0.553701923076923 0.07213303786057697 0.055274188701923035
23 0.8968028846153845 0.6732451923076923 0.09131385216346152 0.062497746394230586
22 0.12432692307692314 0.6768028846153846 0.09373384915865383 0.08891225961538478
14 0.6879807692307693 0.7112499999999999 0.05769831730769244 0.05285719651442323
30 0.37879807692307704 0.7338461538461538 0.048082932692307685 0.0721018629807692
14 0.1935096153846154 0.8221153846153846 0.05048076923076923 0.004807692307692308