20 0.0985576923076923 0.203125 0.08173076923076923 0.055288461538461536
14 0.21057692307692313 0.20307692307692313 0.05050781250000004 0.05050743689903843
14 0.4754807692307691 0.22158653846153833 0.04807729867788469 0.060093524639423086
35 0.6549519230769232 0.24906250000000002 0.07453125 0.08412447415865383
26 0.9370913461538459 0.2536538461538461 0.05288686899038453 0.05527193509615383
4 0.793004807692308 0.3135576923076924 0.06728140024038473 0.06491173377403843
7 0.0850480769230769 0.33634615384615374 0.06971679687500001 0.07695049579326921
26 0.28300480769230774 0.3428605769230769 0.0528707181490385 0.05527944711538469
22 0.41944711538461543 0.3892067307692307 0.0648737980769231 0.08655498798076931
35 0.6281490384615384 0.40997596153846144 0.09376427283653857 0.09371807391826928
19 0.8945432692307695 0.42581730769230763 0.08894193209134607 0.0673140775240384