6 0.08052884615384616 0.18509615384615385 0.06971153846153846 0.019230769230769232
26 0.7919471153846155 0.22031249999999994 0.055310621995192176 0.05529296874999996
22 0.46959134615384623 0.22713942307692309 0.06970590444711533 0.0889088792067308
6 0.34425480769230776 0.2666586538461537 0.06010366586538464 0.07208571213942304
14 0.6573317307692309 0.30420673076923066 0.0528831129807692 0.055293344350961574
14 0.8450721153846152 0.310528846153846 0.055295597956730856 0.05288123497596153
30 0.2832932692307693 0.3583173076923076 0.06970552884615386 0.043263596754807634
10 0.7685096153846155 0.41879807692307697 0.052883488581730816 0.06489558293269226
18 0.4398557692307693 0.49290865384615373 0.05288273737980772 0.057674654447115344
22 0.25206730769230773 0.5075480769230769 0.05769118088942312 0.08413048377403844
10 0.15211538461538454 0.5382692307692307 0.06729304387019232 0.052865835336538464
26 0.35108173076923066 0.5665625000000001 0.05288273737980772 0.055293344350961574