6 0.7840384615384617 0.21961538461538466 0.06971266526442303 0.06972618689903844
22 0.20254807692307691 0.27499999999999997 0.0625067608173077 0.0865418419471154
15 0.02403846153846154 0.39663461538461536 0.04807692307692308 0.08173076923076923
21 0.6581490384615384 0.3987980769230769 0.09136606069711534 0.08172475961538463
22 0.3928365384615384 0.4097836538461539 0.09135216346153846 0.07454064002403846
4 0.8629567307692307 0.5029086538461539 0.06727614182692321 0.06729003906249996
6 0.2686298076923077 0.5427884615384614 0.06972693810096153 0.06490572415865382
27 0.5825961538461539 0.5843750000000001 0.08415827824519241 0.06970665564903836
32 0.8418028846153848 0.6472836538461538 0.060098031850961645 0.09614520733173085
4 0.036923076923076954 0.6782451923076922 0.06487943209134615 0.0625116436298076
35 0.4073076923076924 0.7027403846153847 0.09374023437499993 0.09857046274038449
10 0.6235336538461541 0.7563221153846154 0.0601070462740385 0.06007774939903854
10 0.9242788461538461 0.8233173076923077 0.05048076923076923 0.002403846153846154