5 0.6414903846153847 0.2590625 0.05770282451923073 0.07453463040865384
9 0.3955048076923076 0.33288461538461545 0.08416053185096163 0.021616586538461553
35 0.765625 0.4220913461538461 0.0841597806490384 0.07692570612980767
9 0.054038461538461584 0.4460576923076923 0.0865380859375 0.031231219951923076
33 0.2227884615384614 0.4647836538461539 0.0744963191105769 0.09375375600961533
34 0.4745673076923076 0.46887019230769234 0.08413536658653847 0.0768900240384615
8 0.3522596153846153 0.4797355769230769 0.08410682091346161 0.060086763822115384
6 0.5705048076923078 0.5168028846153846 0.06972656250000006 0.0672960486778847
15 0.8882451923076923 0.5423557692307692 0.08895958533653843 0.0625067608173077
30 0.2630528846153845 0.5553605769230768 0.06972393329326923 0.04807354266826923
23 0.8982932692307694 0.6712740384615384 0.0913401442307691 0.06249286358173068
22 0.125 0.6778125 0.0961170372596154 0.08653019831730765
14 0.6887259615384616 0.7092788461538462 0.055321890024038436 0.052887995793269374
30 0.37978365384615387 0.7348557692307691 0.04567232572115383 0.07452749399038466
20 0.0985576923076923 0.8173076923076923 0.08173076923076923 0.014423076923076924