34 0.44713942307692306 0.40901442307692304 0.04811222956730778 0.10095177283653839
35 0.7651682692307691 0.4209134615384616 0.08414926382211536 0.07452448918269229
9 0.05430288461538469 0.44598557692307683 0.08415076622596154 0.031221078725961523
33 0.2236057692307692 0.4648317307692308 0.0721375450721154 0.09135591947115393
8 0.35697115384615385 0.47716346153846156 0.08412334735576926 0.05525954026442306
6 0.5638221153846152 0.5122355769230769 0.06489821213942303 0.06729116586538453
30 0.2611298076923077 0.5550240384615385 0.06971341646634613 0.04810171274038461
23 0.8988221153846155 0.6721634615384615 0.09134803185096164 0.060123197115384656
22 0.1247355769230769 0.6763461538461539 0.09135817307692307 0.08652869591346146
14 0.6887740384615384 0.7102644230769232 0.05769118088942312 0.05048227163461542
30 0.37913461538461546 0.7333173076923079 0.045659930889423134 0.07212702824519222
14 0.1935096153846154 0.8221153846153846 0.05048076923076923 0.004807692307692308