13 0.9879807692307693 0.1935096153846154 0.02403846153846154 0.036057692307692304
21 0.5324519230769231 0.3701923076923077 0.06971153846153846 0.10576923076923077
33 0.9783653846153846 0.3737980769230769 0.04326923076923077 0.10336538461538461
5 0.9266826923076923 0.47596153846153844 0.08413461538461539 0.07211538461538461
9 0.4841105769230769 0.5570432692307693 0.09853402944711534 0.03126389723557688
13 0.8040865384615384 0.6658653846153846 0.10336538461538461 0.0673076923076923
13 0.44350961538461536 0.6959134615384616 0.06971153846153846 0.10817307692307693
9 0.22596153846153846 0.7199519230769231 0.11057692307692307 0.05048076923076923
33 0.6838942307692307 0.7367788461538461 0.11778846153846154 0.0889423076923077
21 0.5961538461538461 0.7800480769230769 0.07692307692307693 0.0889423076923077
29 0.9735576923076923 0.7920673076923077 0.052884615384615384 0.06490384615384616
36 0.49278846153846156 0.7848557692307693 0.09134615384615384 0.07932692307692307
5 0.33533653846153844 0.8004807692307693 0.08413461538461539 0.04807692307692308
21 0.7512019230769231 0.8149038461538461 0.0985576923076923 0.019230769230769232