12 0.9831730769230769 0.2536057692307692 0.03365384615384615 0.08413461538461539
20 0.20072115384615385 0.3112980769230769 0.07451923076923077 0.07932692307692307
16 0.0761298076923076 0.32923076923076916 0.07453500600961539 0.0769444861778846
16 0.9350961538461539 0.40024038461538464 0.07211538461538461 0.07451923076923077
28 0.9891826923076923 0.4735576923076923 0.021634615384615384 0.08653846153846154
32 0.9014423076923077 0.5300480769230769 0.057692307692307696 0.09375
35 0.7908653846153846 0.5324519230769231 0.08173076923076923 0.07451923076923077
20 0.013221153846153846 0.5444711538461539 0.026442307692307692 0.06971153846153846
8 0.026442307692307692 0.6334134615384616 0.052884615384615384 0.07451923076923077
35 0.8305288461538461 0.6694711538461539 0.0889423076923077 0.08413461538461539
20 0.1201923076923077 0.6995192307692307 0.07692307692307693 0.07692307692307693
8 0.7211538461538461 0.7151442307692307 0.08173076923076923 0.040865384615384616
12 0.984375 0.7740384615384616 0.03125 0.09134615384615384
4 0.007211538461538462 0.796875 0.014423076923076924 0.055288461538461536
24 0.6550480769230769 0.8028846153846154 0.0889423076923077 0.04326923076923077