18 0.8762019230769231 0.3942307692307692 0.06009615384615385 0.07211538461538461
10 0.7848557692307693 0.40024038461538464 0.0625 0.07692307692307693
10 0.5997596153846154 0.40024038461538464 0.06009615384615385 0.07451923076923077
14 0.6923076923076923 0.40024038461538464 0.057692307692307696 0.06009615384615385
10 0.9711538461538461 0.40024038461538464 0.057692307692307696 0.07451923076923077
30 0.5084134615384616 0.4014423076923077 0.05048076923076923 0.08653846153846154
26 0.3293269230769231 0.4026442307692308 0.057692307692307696 0.06490384615384616
22 0.14302884615384615 0.4074519230769231 0.06490384615384616 0.0985576923076923
26 0.23798076923076922 0.40865384615384615 0.057692307692307696 0.0673076923076923
30 0.4170673076923077 0.40865384615384615 0.05048076923076923 0.08173076923076923
30 0.051682692307692304 0.41225961538461536 0.05048076923076923 0.0889423076923077