13 0.10814903846153848 0.4453365384615384 0.10094463641826922 0.06731219951923073
33 0.7261057692307691 0.4462740384615384 0.06728027343750015 0.10335599459134616
29 0.27617788461538456 0.44718749999999996 0.11535869891826918 0.06731219951923073
17 0.5835576923076923 0.5443990384615385 0.10095853365384609 0.0648880709134616
29 0.30581730769230775 0.5508894230769231 0.06730994591346148 0.10817533052884606
25 0.46507211538461546 0.5555048076923076 0.07931565504807694 0.10096078725961537
25 0.813125 0.6156971153846154 0.09134765625000003 0.11059945913461533
21 0.7122355769230768 0.6369951923076923 0.0793141526442309 0.105751201923077
13 0.5618028846153847 0.662451923076923 0.07451021634615393 0.09615609975961537
13 0.27295673076923066 0.6735576923076922 0.05531963641826923 0.10097543569711548
17 0.4326201923076924 0.6791105769230769 0.10577749399038466 0.07933143028846136
17 0.7501923076923075 0.7420673076923078 0.1009874549278847 0.07451209435096146
9 0.2937500000000001 0.7777163461538461 0.09616774338942304 0.026419771634615438
36 0.1658653846153846 0.7740384615384616 0.10096153846153846 0.10096153846153846
9 0.6045673076923077 0.7860576923076923 0.06009615384615385 0.07692307692307693
29 0.8930288461538461 0.8040865384615384 0.07451923076923077 0.040865384615384616
33 0.7908653846153846 0.8064903846153846 0.08653846153846154 0.036057692307692304