12 0.2127403846153846 0.17908653846153846 0.08413461538461539 0.007211538461538462
35 0.12860576923076922 0.2247596153846154 0.07932692307692307 0.08413461538461539
24 0.7451923076923077 0.2644230769230769 0.08653846153846154 0.07211538461538461
20 0.9615384615384616 0.27884615384615385 0.07692307692307693 0.0673076923076923
20 0.4699519230769231 0.390625 0.07451923076923077 0.06490384615384616
8 0.8125 0.4483173076923077 0.08173076923076923 0.036057692307692304
24 0.22355769230769232 0.484375 0.0625 0.0889423076923077
16 0.36778846153846156 0.5048076923076923 0.07211538461538461 0.0625
4 0.484375 0.5673076923076923 0.06490384615384616 0.0625
12 0.24759615384615385 0.5817307692307693 0.09615384615384616 0.0625
28 0.42427884615384615 0.6610576923076923 0.07932692307692307 0.08173076923076923
35 0.6117788461538461 0.7151442307692307 0.07451923076923077 0.08413461538461539
24 0.35336538461538464 0.7271634615384616 0.08653846153846154 0.08413461538461539
16 0.030048076923076924 0.8040865384615384 0.06009615384615385 0.040865384615384616
4 0.5829326923076923 0.8088942307692307 0.06009615384615385 0.03125
16 0.21394230769230768 0.8221153846153846 0.07211538461538461 0.004807692307692308