8 0.8966346153846154 0.21634615384615385 0.04807692307692308 0.08173076923076923
12 0.5432692307692307 0.2283653846153846 0.07692307692307693 0.09134615384615384
16 0.109375 0.234375 0.06490384615384616 0.07451923076923077
4 0.02403846153846154 0.24639423076923078 0.04807692307692308 0.06971153846153846
8 0.44471153846153844 0.2920673076923077 0.04807692307692308 0.0889423076923077
20 0.6021634615384616 0.32211538461538464 0.06971153846153846 0.07692307692307693
8 0.8569711538461539 0.35216346153846156 0.06490384615384616 0.07932692307692307
35 0.2848557692307692 0.36778846153846156 0.0889423076923077 0.09134615384615384
4 0.3858173076923077 0.4230769230769231 0.06490384615384616 0.0673076923076923
28 0.11658653846153846 0.453125 0.09375 0.06971153846153846
35 0.2620192307692308 0.4987980769230769 0.09134615384615384 0.09375
28 0.9350961538461539 0.5108173076923077 0.08653846153846154 0.07451923076923077
20 0.5901442307692307 0.6298076923076923 0.06490384615384616 0.07692307692307693