24 0.1935096153846154 0.3016826923076923 0.09375 0.08413461538461539
24 0.7043269230769231 0.453125 0.08653846153846154 0.07451923076923077
12 0.009615384615384616 0.3088942307692308 0.019230769230769232 0.04567307692307692
28 0.12980769230769232 0.6646634615384616 0.09134615384615384 0.08413461538461539
12 0.9867788461538461 0.32211538461538464 0.026442307692307692 0.0625
28 0.042067307692307696 0.4098557692307692 0.06971153846153846 0.09375
8 0.28365384615384615 0.6153846153846154 0.0673076923076923 0.08173076923076923
16 0.84375 0.46033653846153844 0.07211538461538461 0.07932692307692307
35 0.9362980769230769 0.3918269230769231 0.0889423076923077 0.09134615384615384
32 0.1310096153846154 0.40384615384615385 0.06490384615384616 0.09615384615384616
28 0.08533653846153846 0.29086538461538464 0.06971153846153846 0.09615384615384616
24 0.7475961538461539 0.3737980769230769 0.08653846153846154 0.07932692307692307
35 0.22596153846153846 0.40024038461538464 0.08653846153846154 0.09375
16 0.48677884615384615 0.5913461538461539 0.06009615384615385 0.07692307692307693
12 0.8545673076923077 0.2860576923076923 0.040865384615384616 0.11057692307692307
16 0.4026442307692308 0.5721153846153846 0.06009615384615385 0.07211538461538461
32 0.6802884615384616 0.5733173076923077 0.09134615384615384 0.07932692307692307
12 0.5817307692307693 0.5288461538461539 0.04326923076923077 0.10096153846153846
20 0.4098557692307692 0.36538461538461536 0.07932692307692307 0.0673076923076923