35 0.019230769230769232 0.8016826923076923 0.038461538461538464 0.04567307692307692
8 0.5240384615384616 0.7295673076923077 0.052884615384615384 0.08413461538461539
12 0.07091346153846154 0.1935096153846154 0.09375 0.036057692307692304
8 0.9951923076923077 0.2247596153846154 0.009615384615384616 0.0889423076923077
20 0.5528846153846154 0.8125 0.0625 0.02403846153846154
12 0.13341346153846154 0.6021634615384616 0.07932692307692307 0.0889423076923077
28 0.2764423076923077 0.34975961538461536 0.07692307692307693 0.08413461538461539
4 0.5877403846153846 0.18389423076923078 0.06490384615384616 0.016826923076923076
12 0.9567307692307693 0.4387019230769231 0.038461538461538464 0.10336538461538461
32 0.23317307692307693 0.21514423076923078 0.08653846153846154 0.07932692307692307
35 0.6971153846153846 0.8028846153846154 0.08173076923076923 0.04326923076923077
32 0.78125 0.18389423076923078 0.07211538461538461 0.016826923076923076
24 0.6466346153846154 0.4579326923076923 0.08653846153846154 0.06009615384615385
16 0.6754807692307693 0.2127403846153846 0.07211538461538461 0.07451923076923077
32 0.3401442307692308 0.5673076923076923 0.08413461538461539 0.08653846153846154
35 0.8173076923076923 0.48197115384615385 0.08173076923076923 0.0889423076923077
4 0.2247596153846154 0.7007211538461539 0.06490384615384616 0.06971153846153846