12 0.34615384615384615 0.21634615384615385 0.09615384615384616 0.057692307692307696
35 0.43028846153846156 0.3737980769230769 0.08173076923076923 0.0889423076923077
8 0.9663461538461539 0.47475961538461536 0.0673076923076923 0.06009615384615385
28 0.6622596153846154 0.31009615384615385 0.09375 0.0673076923076923
24 0.7536057692307693 0.4567307692307692 0.07932692307692307 0.08653846153846154
8 0.4206730769230769 0.18028846153846154 0.052884615384615384 0.009615384615384616
32 0.5180288461538461 0.3137019230769231 0.09375 0.06009615384615385
16 0.49158653846153844 0.453125 0.07451923076923077 0.06971153846153846
32 0.5228365384615384 0.21394230769230768 0.055288461538461536 0.07692307692307693
28 0.4879807692307692 0.7716346153846154 0.08173076923076923 0.08173076923076923
32 0.5829326923076923 0.4074519230769231 0.06971153846153846 0.0889423076923077
35 0.6129807692307693 0.5120192307692307 0.08173076923076923 0.09134615384615384
20 0.25 0.24519230769230768 0.07692307692307693 0.07692307692307693
4 0.8076923076923077 0.31490384615384615 0.0673076923076923 0.07211538461538461
20 0.6935096153846154 0.2091346153846154 0.07932692307692307 0.0673076923076923
35 0.3161057692307692 0.3581730769230769 0.08413461538461539 0.07692307692307693