20 0.8088942307692307 0.4387019230769231 0.07932692307692307 0.06971153846153846
28 0.35336538461538464 0.17908653846153846 0.10096153846153846 0.007211538461538462
8 0.07932692307692307 0.18870192307692307 0.08653846153846154 0.026442307692307692
4 0.02283653846153846 0.2536057692307692 0.04567307692307692 0.06490384615384616
20 0.5048076923076923 0.33533653846153844 0.07211538461538461 0.07451923076923077
24 0.7211538461538461 0.1935096153846154 0.07692307692307693 0.036057692307692304
8 0.7043269230769231 0.4362980769230769 0.0625 0.08413461538461539
20 0.20432692307692307 0.21514423076923078 0.0625 0.07451923076923077
32 0.43509615384615385 0.5528846153846154 0.08173076923076923 0.08653846153846154
4 0.7403846153846154 0.32211538461538464 0.0673076923076923 0.0673076923076923
12 0.5384615384615384 0.4567307692307692 0.04326923076923077 0.10096153846153846
20 0.6394230769230769 0.3581730769230769 0.07692307692307693 0.0673076923076923
16 0.41947115384615385 0.38461538461538464 0.06971153846153846 0.07692307692307693
4 0.3786057692307692 0.4891826923076923 0.06009615384615385 0.06490384615384616
35 0.10817307692307693 0.31850961538461536 0.09134615384615384 0.0889423076923077