26 0.3641826923076923 0.17908653846153846 0.055288461538461536 0.007211538461538462
26 0.4735576923076923 0.18990384615384615 0.052884615384615384 0.028846153846153848
6 0.5685096153846154 0.1971153846153846 0.06009615384615385 0.04326923076923077
22 0.6658653846153846 0.2091346153846154 0.08653846153846154 0.0673076923076923
30 0.12740384615384615 0.21394230769230768 0.04807692307692308 0.07211538461538461
6 0.22235576923076922 0.23317307692307693 0.0625 0.07211538461538461
30 0.3389423076923077 0.23317307692307693 0.057692307692307696 0.04326923076923077
14 0.44711538461538464 0.25721153846153844 0.052884615384615384 0.057692307692307696
26 0.53125 0.2932692307692308 0.052884615384615384 0.057692307692307696
10 0.2980769230769231 0.31009615384615385 0.052884615384615384 0.0625
14 0.6286057692307693 0.3112980769230769 0.055288461538461536 0.055288461538461536
18 0.1875 0.34375 0.052884615384615384 0.052884615384615384
10 0.36778846153846156 0.359375 0.052884615384615384 0.06490384615384616
22 0.4723557692307692 0.3798076923076923 0.0889423076923077 0.07211538461538461
26 0.5829326923076923 0.39783653846153844 0.055288461538461536 0.055288461538461536
30 0.2956730769230769 0.44591346153846156 0.0673076923076923 0.05048076923076923
10 0.41225961538461536 0.46634615384615385 0.05048076923076923 0.0625
18 0.6045673076923077 0.49399038461538464 0.05048076923076923 0.06009615384615385
14 0.5024038461538461 0.5048076923076923 0.052884615384615384 0.052884615384615384
6 0.36658653846153844 0.5985576923076923 0.055288461538461536 0.0673076923076923