20 0.45913461538461536 0.1971153846153846 0.07211538461538461 0.04326923076923077
35 0.04326923076923077 0.20552884615384615 0.08653846153846154 0.06009615384615385
16 0.019230769230769232 0.3401442307692308 0.038461538461538464 0.07932692307692307
20 0.32572115384615385 0.3425480769230769 0.07451923076923077 0.07451923076923077
24 0.8016826923076923 0.38461538461538464 0.0889423076923077 0.07211538461538461
8 0.036057692307692304 0.47596153846153844 0.07211538461538461 0.0673076923076923
32 0.44711538461538464 0.53125 0.09615384615384616 0.0625
35 0.8810096153846154 0.5673076923076923 0.07932692307692307 0.08653846153846154
24 0.08052884615384616 0.5793269230769231 0.06009615384615385 0.08653846153846154
8 0.2824519230769231 0.6165865384615384 0.07932692307692307 0.06009615384615385
4 0.11658653846153846 0.6911057692307693 0.06009615384615385 0.06009615384615385
20 0.8329326923076923 0.7620192307692307 0.07932692307692307 0.0673076923076923
24 0.051682692307692304 0.7764423076923077 0.06971153846153846 0.08653846153846154
35 0.14302884615384615 0.7896634615384616 0.07932692307692307 0.06971153846153846
32 0.2536057692307692 0.7896634615384616 0.07451923076923077 0.06971153846153846
20 0.41466346153846156 0.7956730769230769 0.06490384615384616 0.057692307692307696