12 0.5348557692307693 0.1875 0.06490384615384616 0.02403846153846154
4 0.7211538461538461 0.20072115384615385 0.0625 0.05048076923076923
12 0.6213942307692307 0.23076923076923078 0.0889423076923077 0.07211538461538461
16 0.9879807692307693 0.25600961538461536 0.02403846153846154 0.06009615384615385
16 0.5216346153846154 0.2620192307692308 0.0625 0.07211538461538461
20 0.7572115384615384 0.265625 0.07692307692307693 0.07451923076923077
35 0.9074519230769231 0.2800480769230769 0.0889423076923077 0.07932692307692307
4 0.6875 0.33413461538461536 0.0625 0.0625
24 0.8305288461538461 0.3473557692307692 0.07451923076923077 0.08413461538461539
12 0.5829326923076923 0.3545673076923077 0.07932692307692307 0.08413461538461539
4 0.4723557692307692 0.36538461538461536 0.06490384615384616 0.0625
16 0.24158653846153846 0.4026442307692308 0.06009615384615385 0.06971153846153846
28 0.203125 0.5060096153846154 0.06490384615384616 0.0985576923076923
32 0.5709134615384616 0.5276442307692307 0.09375 0.06971153846153846