33 0.27163461538461536 0.19230769230769232 0.08173076923076923 0.03365384615384615
13 0.08533653846153846 0.28846153846153844 0.0985576923076923 0.0673076923076923
17 0.3545673076923077 0.36658653846153844 0.06971153846153846 0.10817307692307693
36 0.6274038461538461 0.36778846153846156 0.10576923076923077 0.10576923076923077
29 0.11538461538461539 0.3954326923076923 0.1201923076923077 0.07451923076923077
21 0.06610576923076923 0.5024038461538461 0.10817307692307693 0.08173076923076923
21 0.27524038461538464 0.5108173076923077 0.11298076923076923 0.08413461538461539
33 0.4182692307692308 0.5408653846153846 0.10576923076923077 0.08653846153846154
29 0.16942307692307695 0.5851201923076924 0.06973369891826924 0.1081745793269231
25 0.27884615384615385 0.6213942307692307 0.10576923076923077 0.07932692307692307
25 0.45913461538461536 0.6682692307692307 0.08653846153846154 0.11538461538461539
33 0.15745192307692307 0.7259615384615384 0.10336538461538461 0.11538461538461539
29 0.5552884615384616 0.7475961538461539 0.07211538461538461 0.11057692307692307