6 0.6875 0.4254807692307692 0.0673076923076923 0.07207782451923077
6 0.7860576923076923 0.46875 0.0625 0.0673076923076923
10 0.9014423076923077 0.47716346153846156 0.052884615384615384 0.06009615384615385
14 0.5216346153846154 0.5168269230769231 0.052884615384615384 0.057692307692307696
22 0.7139423076923077 0.5444711538461539 0.08653846153846154 0.07932692307692307
22 0.08052884615384616 0.5516826923076923 0.07451923076923077 0.09375
10 0.3629807692307692 0.5600961538461539 0.052884615384615384 0.057692307692307696
10 0.23557692307692307 0.5757211538461539 0.05765474759615385 0.06009615384615385
18 0.8677884615384616 0.59375 0.052884615384615384 0.057692307692307696
26 0.6153846153846154 0.6069711538461539 0.052884615384615384 0.055288461538461536
14 0.43990384615384615 0.6105769230769231 0.052884615384615384 0.057692307692307696
14 0.13341346153846154 0.6514423076923077 0.055288461538461536 0.052884615384615384
26 0.32572115384615385 0.6538461538461539 0.055288461538461536 0.052884615384615384
14 0.7776442307692307 0.6658653846153846 0.055288461538461536 0.057692307692307696
30 0.9519230769230769 0.6754807692307693 0.04807692307692308 0.0673076923076923
30 0.4963942307692308 0.6778846153846154 0.04567307692307692 0.07211538461538461
18 0.21033653846153846 0.7247596153846154 0.055288461538461536 0.055288461538461536