20 0.2956730769230769 0.6237980769230769 0.0673076923076923 0.07451923076923077
32 0.4026442307692308 0.6177884615384616 0.09375 0.07211538461538461
16 0.4362980769230769 0.328125 0.07451923076923077 0.06490384615384616
8 0.042067307692307696 0.5456730769230769 0.06009615384615385 0.08173076923076923
4 0.41947115384615385 0.43990384615384615 0.06490384615384616 0.07211538461538461
24 0.3112980769230769 0.5216346153846154 0.08413461538461539 0.0625
12 0.8846153846153846 0.7379807692307693 0.08173076923076923 0.09134615384615384
24 0.9735576923076923 0.6586538461538461 0.052884615384615384 0.08653846153846154
24 0.4579326923076923 0.20072115384615385 0.0889423076923077 0.05048076923076923
16 0.5084134615384616 0.7884615384615384 0.06490384615384616 0.07211538461538461
20 0.5228365384615384 0.3858173076923077 0.07932692307692307 0.06971153846153846