13 0.21754807692307693 0.18389423076923078 0.07451923076923077 0.016826923076923076
29 0.8846153846153846 0.18629807692307693 0.10576923076923077 0.021634615384615384
33 0.5793269230769231 0.25240384615384615 0.10576923076923077 0.10576923076923077
17 0.8245192307692307 0.27884615384615385 0.11057692307692307 0.07211538461538461
33 0.7956730769230769 0.390625 0.11057692307692307 0.07451923076923077
5 0.4098557692307692 0.3918269230769231 0.08413461538461539 0.07692307692307693
25 0.6838942307692307 0.39663461538461536 0.07932692307692307 0.11057692307692307
29 0.203125 0.5757211538461539 0.10817307692307693 0.0889423076923077
36 0.05048076923076923 0.6526442307692307 0.10096153846153846 0.11778846153846154
33 0.625 0.6670673076923077 0.11057692307692307 0.07932692307692307
5 0.4326923076923077 0.7139423076923077 0.07211538461538461 0.09615384615384616
17 0.3293269230769231 0.8088942307692307 0.10576923076923077 0.03125