35 0.4651442307692308 0.18990384615384615 0.0889423076923077 0.028846153846153848
28 0.8978365384615384 0.19591346153846154 0.0889423076923077 0.040865384615384616
20 0.7860576923076923 0.20552884615384615 0.07692307692307693 0.06009615384615385
35 0.31490384615384615 0.23197115384615385 0.08173076923076923 0.0889423076923077
8 0.6105769230769231 0.2512019230769231 0.08653846153846154 0.036057692307692304
35 0.4519230769230769 0.2704326923076923 0.08653846153846154 0.07451923076923077
32 0.24879807692307693 0.32091346153846156 0.07451923076923077 0.09375
35 0.5997596153846154 0.33413461538461536 0.08413461538461539 0.07692307692307693
16 0.3713942307692308 0.3641826923076923 0.07451923076923077 0.06971153846153846
16 0.47836538461538464 0.36778846153846156 0.0625 0.07211538461538461
28 0.6003365384615384 0.4107692307692308 0.09374549278846164 0.06490572415865382
12 0.30288461538461536 0.4254807692307692 0.09615384615384616 0.057692307692307696
4 0.4543269230769231 0.45552884615384615 0.0673076923076923 0.06490384615384616
4 0.5877403846153846 0.49038461538461536 0.06971153846153846 0.0673076923076923
24 0.33052884615384615 0.53125 0.0889423076923077 0.057692307692307696
8 0.42788461538461536 0.546875 0.04807692307692308 0.08413461538461539
12 0.5745192307692307 0.5865384615384616 0.09615384615384616 0.04326923076923077