16 0.9759615384615384 0.1814903846153846 0.04807692307692308 0.01201923076923077
32 0.7548076923076923 0.2127403846153846 0.08653846153846154 0.07451923076923077
4 0.2548076923076923 0.22596153846153846 0.0625 0.0673076923076923
8 0.078125 0.24158653846153846 0.07932692307692307 0.04567307692307692
8 0.17064903846153848 0.3027884615384615 0.0673426231971154 0.0768907752403846
24 0.9543269230769231 0.328125 0.08653846153846154 0.06009615384615385
4 0.5336538461538461 0.33413461538461536 0.0625 0.0673076923076923
4 0.7475961538461539 0.36899038461538464 0.0673076923076923 0.06490384615384616
28 0.6418269230769231 0.4014423076923077 0.0673076923076923 0.09615384615384616
28 0.9591346153846154 0.5120192307692307 0.08173076923076923 0.07211538461538461
35 0.2920673076923077 0.5528846153846154 0.08413461538461539 0.07692307692307693
20 0.03365384615384615 0.6430288461538461 0.0673076923076923 0.06971153846153846
16 0.3125 0.6442307692307693 0.07692307692307693 0.0625
16 0.18990384615384615 0.7079326923076923 0.0625 0.07451923076923077
12 0.5661057692307693 0.7079326923076923 0.0985576923076923 0.06009615384615385
4 0.46875 0.7620192307692307 0.0673076923076923 0.0673076923076923
20 0.01201923076923077 0.765625 0.02403846153846154 0.06490384615384616
24 0.1466346153846154 0.8004807692307693 0.08653846153846154 0.04807692307692308
32 0.6538461538461539 0.8209134615384616 0.09134615384615384 0.007211538461538462
35 0.5108173076923077 0.8209134615384616 0.0889423076923077 0.007211538461538462