9 0.49399038461538464 0.8161057692307693 0.10817307692307693 0.016826923076923076
13 0.3894230769230769 0.7764423076923077 0.0673076923076923 0.09615384615384616
29 0.9050480769230769 0.36658653846153844 0.08413461538461539 0.0985576923076923
29 0.3329326923076923 0.6225961538461539 0.07451923076923077 0.11538461538461539
5 0.4723557692307692 0.2704326923076923 0.06971153846153846 0.0889423076923077
13 0.6983173076923077 0.46274038461538464 0.08413461538461539 0.08413461538461539
29 0.27524038461538464 0.4543269230769231 0.0985576923076923 0.10576923076923077
25 0.29447115384615385 0.7680288461538461 0.0889423076923077 0.11298076923076923
36 0.20793269230769232 0.5793269230769231 0.11298076923076923 0.11057692307692307
5 0.8605769230769231 0.6814903846153846 0.08653846153846154 0.07451923076923077
21 0.6418269230769231 0.6730769230769231 0.07692307692307693 0.11057692307692307