35 0.49158653846153844 0.18870192307692307 0.08413461538461539 0.026442307692307692
16 0.39302884615384615 0.19471153846153846 0.07451923076923077 0.038461538461538464
12 0.8389423076923077 0.22235576923076922 0.08653846153846154 0.06009615384615385
12 0.6899038461538461 0.23317307692307693 0.09615384615384616 0.052884615384615384
20 0.9086538461538461 0.2932692307692308 0.07692307692307693 0.07692307692307693
8 0.7391826923076923 0.4495192307692308 0.0889423076923077 0.04326923076923077
32 0.03365384615384615 0.53125 0.0673076923076923 0.09615384615384616
8 0.17067307692307693 0.5408653846153846 0.052884615384615384 0.08653846153846154
24 0.640625 0.6033653846153846 0.08413461538461539 0.08173076923076923
32 0.21995192307692307 0.6394230769230769 0.0889423076923077 0.08653846153846154
4 0.5204326923076923 0.6502403846153846 0.06971153846153846 0.06971153846153846
35 0.9651442307692307 0.7127403846153846 0.06971153846153846 0.09375
20 0.27524038461538464 0.7199519230769231 0.07451923076923077 0.07932692307692307
28 0.5997596153846154 0.7752403846153846 0.09375 0.06971153846153846