29 0.609375 0.19831730769230768 0.06971153846153846 0.04567307692307692
33 0.36177884615384615 0.24519230769230768 0.07932692307692307 0.10576923076923077
9 0.5024038461538461 0.44350961538461536 0.0625 0.09375
9 0.6105769230769231 0.5252403846153846 0.10576923076923077 0.055288461538461536
5 0.8028846153846154 0.53125 0.07692307692307693 0.08653846153846154
36 0.7199519230769231 0.6502403846153846 0.0889423076923077 0.11298076923076923
17 0.49278846153846156 0.6514423076923077 0.07692307692307693 0.11057692307692307
13 0.6117788461538461 0.6658653846153846 0.07451923076923077 0.10576923076923077
21 0.8497596153846154 0.6706730769230769 0.10817307692307693 0.08653846153846154
33 0.3233173076923077 0.6850961538461539 0.09375 0.11057692307692307
9 0.6917548076923077 0.7565384615384616 0.08655386117788474 0.060078125000000156
13 0.8317307692307693 0.7848557692307693 0.07692307692307693 0.07932692307692307
36 0.5540865384615384 0.7896634615384616 0.11778846153846154 0.06971153846153846
5 0.08052884615384616 0.8040865384615384 0.07451923076923077 0.040865384615384616
29 0.6490384615384616 0.8173076923076923 0.07692307692307693 0.014423076923076924