10 0.41586538461538464 0.4963942307692308 0.052884615384615384 0.06490384615384616
22 0.5336538461538461 0.5204326923076923 0.07211538461538461 0.09375
30 0.3088942307692308 0.5288461538461539 0.06971153846153846 0.04807692307692308
14 0.2091346153846154 0.5396634615384616 0.04807692307692308 0.055288461538461536
22 0.47716346153846156 0.6153846153846154 0.06971153846153846 0.09134615384615384
26 0.5757211538461539 0.6262019230769231 0.05048076923076923 0.055288461538461536
22 0.2764423076923077 0.6298076923076923 0.08653846153846154 0.08173076923076923
30 0.3762019230769231 0.6334134615384616 0.04567307692307692 0.07451923076923077
30 0.1814903846153846 0.6670673076923077 0.04567307692307692 0.07451923076923077
6 0.6754807692307693 0.6682692307692307 0.052884615384615384 0.07211538461538461
10 0.3016826923076923 0.703125 0.06490384615384616 0.055288461538461536
6 0.5576923076923077 0.7055288461538461 0.07211538461538461 0.0625
10 0.43509615384615385 0.7283653846153846 0.057692307692307696 0.052884615384615384
30 0.18629807692307693 0.7728365384615384 0.04567307692307692 0.07451923076923077
18 0.36658653846153844 0.7788461538461539 0.055288461538461536 0.05765474759615385
6 0.5408653846153846 0.7920673076923077 0.07211538461538461 0.0625
22 0.28846153846153844 0.7956730769230769 0.07692307692307693 0.057692307692307696
14 0.6274038461538461 0.8112980769230769 0.04807692307692308 0.026442307692307692