14 0.4206730769230769 0.1814903846153846 0.057692307692307696 0.01201923076923077
10 0.5444711538461539 0.19230769230769232 0.06009615384615385 0.03365384615384615
30 0.21514423076923078 0.1971153846153846 0.05048076923076923 0.04326923076923077
14 0.3137019230769231 0.23197115384615385 0.06009615384615385 0.055288461538461536
26 0.6262019230769231 0.23677884615384615 0.055288461538461536 0.06009615384615385
18 0.7163461538461539 0.2439903846153846 0.057692307692307696 0.06490384615384616
18 0.8088942307692307 0.24519230769230768 0.055288461538461536 0.0673076923076923
14 0.4675480769230769 0.25721153846153844 0.06009615384615385 0.0625
6 0.27283653846153844 0.32091346153846156 0.07932692307692307 0.06971153846153846
26 0.41346153846153844 0.33533653846153844 0.057692307692307696 0.06009615384615385
18 0.5444711538461539 0.3473557692307692 0.06009615384615385 0.0673076923076923
10 0.7067307692307693 0.38221153846153844 0.057692307692307696 0.07211538461538461
22 0.3389423076923077 0.41586538461538464 0.10096153846153846 0.09615384615384616
26 0.46274038461538464 0.43509615384615385 0.06009615384615385 0.0625
10 0.6165865384615384 0.43990384615384615 0.06490384615384616 0.057692307692307696