20 0.44350961538461536 0.20432692307692307 0.07451923076923077 0.057692307692307696
8 0.6298076923076923 0.21875 0.0673076923076923 0.07211538461538461
24 0.5060096153846154 0.25841346153846156 0.0889423076923077 0.0889423076923077
32 0.32211538461538464 0.3125 0.057692307692307696 0.09134615384615384
35 0.40024038461538464 0.32091346153846156 0.07932692307692307 0.08413461538461539
16 0.026442307692307692 0.34615384615384615 0.052884615384615384 0.07692307692307693
8 0.47716346153846156 0.3713942307692308 0.05048076923076923 0.07932692307692307
8 0.5576923076923077 0.3870192307692308 0.052884615384615384 0.08173076923076923
28 0.3942307692307692 0.46153846153846156 0.07692307692307693 0.08653846153846154
20 0.265625 0.515625 0.07932692307692307 0.06971153846153846
28 0.5625 0.5180288461538461 0.0673076923076923 0.08413461538461539
24 0.4735576923076923 0.5456730769230769 0.08653846153846154 0.0625
12 0.12379807692307693 0.5769230769230769 0.06490384615384616 0.09134615384615384
4 0.02283653846153846 0.5841346153846154 0.04567307692307692 0.0625
28 0.4266826923076923 0.65625 0.0985576923076923 0.0673076923076923
16 0.18990384615384615 0.6634615384615384 0.07211538461538461 0.0673076923076923
24 0.05889423076923077 0.6983173076923077 0.07932692307692307 0.0889423076923077
12 0.3076923076923077 0.7199519230769231 0.08173076923076923 0.07451923076923077
32 0.17307692307692307 0.7788461538461539 0.08173076923076923 0.09134615384615384
32 0.5348557692307693 0.78125 0.09375 0.052884615384615384