28 0.3329326923076923 0.4807692307692308 0.06490384615384616 0.09615384615384616
12 0.4639423076923077 0.4987980769230769 0.09615384615384616 0.05048076923076923
32 0.4831730769230769 0.2091346153846154 0.057692307692307696 0.0673076923076923
16 0.4182692307692308 0.39302884615384615 0.07211538461538461 0.06490384615384616
24 0.6610576923076923 0.5841346153846154 0.08173076923076923 0.057692307692307696
28 0.6237980769230769 0.4879807692307692 0.0889423076923077 0.07211538461538461
32 0.45072115384615385 0.6045673076923077 0.07451923076923077 0.0889423076923077
16 0.7836538461538461 0.4387019230769231 0.07211538461538461 0.07451923076923077
32 0.9002403846153846 0.41225961538461536 0.08413461538461539 0.0889423076923077
35 0.2704326923076923 0.2283653846153846 0.07932692307692307 0.08653846153846154
35 0.47596153846153844 0.30408653846153844 0.07692307692307693 0.08413461538461539
24 0.6177884615384616 0.4026442307692308 0.09134615384615384 0.06490384615384616
20 0.7824519230769231 0.30288461538461536 0.07932692307692307 0.0673076923076923
20 0.28846153846153844 0.5733173076923077 0.07692307692307693 0.06971153846153846