14 0.3942307692307692 0.3894230769230769 0.057692307692307696 0.0625
26 0.030048076923076924 0.3918269230769231 0.055288461538461536 0.0673076923076923
30 0.12139423076923077 0.3918269230769231 0.055288461538461536 0.08173076923076923
30 0.4879807692307692 0.3918269230769231 0.052884615384615384 0.08653846153846154
18 0.8533653846153846 0.3942307692307692 0.057692307692307696 0.0673076923076923
22 0.2127403846153846 0.3954326923076923 0.06490384615384616 0.10336538461538461
22 0.5805288461538461 0.3954326923076923 0.06490384615384616 0.0985576923076923
26 0.7620192307692307 0.3954326923076923 0.0625 0.06971153846153846
10 0.30288461538461536 0.39783653846153844 0.057692307692307696 0.07451923076923077
6 0.671875 0.39903846153846156 0.06490384615384616 0.08173076923076923
18 0.9435096153846154 0.4026442307692308 0.055288461538461536 0.06490384615384616