8 0.2127403846153846 0.18028846153846154 0.06009615384615385 0.009615384615384616
28 0.8425480769230769 0.18629807692307693 0.07932692307692307 0.021634615384615384
4 0.7596153846153846 0.20432692307692307 0.0625 0.057692307692307696
32 0.9194711538461539 0.22235576923076922 0.07932692307692307 0.0889423076923077
28 0.6550480769230769 0.23197115384615385 0.07451923076923077 0.0889423076923077
20 0.3004807692307692 0.24759615384615385 0.0673076923076923 0.07692307692307693
16 0.9759615384615384 0.28365384615384615 0.04807692307692308 0.07211538461538461
24 0.8485576923076923 0.28846153846153844 0.08653846153846154 0.08173076923076923
4 0.8221153846153846 0.3629807692307692 0.0673076923076923 0.0673076923076923
4 0.1814903846153846 0.3629807692307692 0.06971153846153846 0.0673076923076923
8 0.38221153846153844 0.3641826923076923 0.08653846153846154 0.05048076923076923
24 0.7319711538461539 0.39783653846153844 0.07932692307692307 0.08413461538461539
20 0.29086538461538464 0.453125 0.07692307692307693 0.07932692307692307
35 0.6586538461538461 0.4699519230769231 0.07692307692307693 0.0889423076923077
35 0.7680288461538461 0.5132211538461539 0.0889423076923077 0.0889423076923077
28 0.6490384615384616 0.5889423076923077 0.09615384615384616 0.08173076923076923
16 0.46634615384615385 0.7920673076923077 0.0673076923076923 0.06490384615384616
35 0.1502403846153846 0.8016826923076923 0.0889423076923077 0.04567307692307692