13 0.04567307692307692 0.18870192307692307 0.09134615384615384 0.026442307692307692
5 0.08629807692307687 0.25762019230769223 0.09375150240384615 0.0937537560096154
29 0.9651442307692307 0.29086538461538464 0.06971153846153846 0.10096153846153846
36 0.015625 0.35336538461538464 0.03125 0.11538461538461539
9 0.12533653846153842 0.3646153846153845 0.0817439152644231 0.07932992788461544
17 0.5642788461538462 0.4696875 0.1057793719951924 0.07454026442307683
36 0.13762019230769232 0.47625 0.11537484975961537 0.11057091346153847
25 0.19624999999999998 0.5676923076923076 0.10816068209134616 0.11297926682692304
5 0.848269230769231 0.5793509615384616 0.08656024639423084 0.0768960336538461
25 0.7372115384615386 0.6801201923076922 0.09373572716346136 0.11535982572115372
17 0.030048076923076924 0.7091346153846154 0.06009615384615385 0.10096153846153846
33 0.8493269230769229 0.7183173076923078 0.10095289963942324 0.11539024939903851
21 0.9771634615384616 0.7283653846153846 0.04567307692307692 0.10576923076923077
29 0.12860576923076922 0.796875 0.10817307692307693 0.055288461538461536
33 0.7319711538461539 0.7992788461538461 0.10336538461538461 0.05048076923076923
21 0.921875 0.7944711538461539 0.09375 0.06009615384615385