4 0.46875 0.19110576923076922 0.0673076923076923 0.03125
24 0.15625 0.20432692307692307 0.07692307692307693 0.057692307692307696
35 0.5721153846153846 0.21153846153846154 0.08653846153846154 0.07211538461538461
35 0.3233173076923077 0.23317307692307693 0.08413461538461539 0.09134615384615384
35 0.21875 0.24158653846153846 0.09134615384615384 0.0889423076923077
28 0.39783653846153844 0.25600961538461536 0.07451923076923077 0.09375
32 0.4723557692307692 0.27403846153846156 0.06009615384615385 0.09134615384615384
28 0.546875 0.29927884615384615 0.07932692307692307 0.0985576923076923
4 0.2644230769230769 0.3233173076923077 0.0673076923076923 0.06971153846153846
16 0.35216346153846156 0.3581730769230769 0.07451923076923077 0.07211538461538461
16 0.45072115384615385 0.38100961538461536 0.06490384615384616 0.07451923076923077