32 0.3894230769230769 0.19110576923076922 0.08653846153846154 0.03125
12 0.4879807692307692 0.2091346153846154 0.07211538461538461 0.0673076923076923
12 0.6838942307692307 0.23317307692307693 0.07451923076923077 0.08653846153846154
12 0.29927884615384615 0.23918269230769232 0.09375 0.06490384615384616
16 0.4050480769230769 0.2704326923076923 0.06490384615384616 0.07451923076923077
8 0.5048076923076923 0.29086538461538464 0.0625 0.08173076923076923
4 0.7235576923076923 0.3016826923076923 0.0673076923076923 0.06490384615384616
4 0.3762019230769231 0.375 0.06490384615384616 0.0673076923076923
20 0.5690625 0.3818028846153847 0.07210975060096149 0.08173076923076923
35 0.7307692307692307 0.41947115384615385 0.08653846153846154 0.09375
32 0.625 0.46033653846153844 0.09615384615384616 0.06971153846153846
28 0.4098557692307692 0.46274038461538464 0.06971153846153846 0.0889423076923077
8 0.5072115384615384 0.5048076923076923 0.0625 0.08653846153846154