28 0.8425480769230769 0.6237980769230769 0.07451923076923077 0.09375
4 0.671875 0.8088942307692307 0.06490384615384616 0.03125
8 0.23677884615384615 0.7524038461538461 0.07932692307692307 0.0673076923076923
16 0.1201923076923077 0.4963942307692308 0.07211538461538461 0.07451923076923077
28 0.125 0.6622596153846154 0.0625 0.0985576923076923
8 0.27163461538461536 0.6754807692307693 0.08653846153846154 0.0625
8 0.9014423076923077 0.43990384615384615 0.038461538461538464 0.08653846153846154
12 0.14543269230769232 0.796875 0.04567307692307692 0.055288461538461536
28 0.23076923076923078 0.1971153846153846 0.09134615384615384 0.04326923076923077
24 0.6838942307692307 0.39302884615384615 0.08413461538461539 0.07451923076923077
24 0.6983173076923077 0.7247596153846154 0.06971153846153846 0.0889423076923077
35 0.515625 0.42908653846153844 0.08413461538461539 0.08413461538461539
20 0.026442307692307692 0.7980769230769231 0.052884615384615384 0.052884615384615384
32 0.5805288461538461 0.7896634615384616 0.06490384615384616 0.06971153846153846
16 0.5204326923076923 0.2920673076923077 0.07451923076923077 0.07451923076923077
35 0.7752403846153846 0.19471153846153846 0.08413461538461539 0.038461538461538464