26 0.05048076923076923 0.18509615384615385 0.052884615384615384 0.019230769230769232
14 0.15264423076923078 0.22716346153846154 0.05048076923076923 0.05048076923076923
10 0.5733173076923077 0.2644230769230769 0.05048076923076923 0.0625
18 0.7283653846153846 0.33774038461538464 0.052884615384615384 0.05048076923076923
22 0.8798076923076923 0.3737980769230769 0.08653846153846154 0.07451923076923077
6 0.5576923076923077 0.4206730769230769 0.06727013221153846 0.07207782451923077
10 0.8004807692307693 0.46634615384615385 0.052847055288461536 0.06727013221153846
30 0.7115384615384616 0.5108173076923077 0.0625 0.05048076923076923
26 0.6033653846153846 0.5324519230769231 0.052884615384615384 0.055288461538461536
6 0.3954326923076923 0.546875 0.0673076923076923 0.06971153846153846
30 0.22956730769230768 0.5480769230769231 0.05048076923076923 0.057692307692307696
18 0.09735576923076923 0.5733173076923077 0.05048076923076923 0.06009615384615385
14 0.5336538461538461 0.6730769230769231 0.052884615384615384 0.052884615384615384