6 0.5096153846153846 0.234375 0.0625 0.06009615384615385
10 0.24759615384615385 0.23798076923076922 0.052884615384615384 0.0625
22 0.04326923076923077 0.26322115384615385 0.08653846153846154 0.08413461538461539
22 0.6021634615384616 0.29927884615384615 0.06971153846153846 0.09375
6 0.9627403846153846 0.30649038461538464 0.07451923076923077 0.06009615384615385
6 0.6826923076923077 0.30649038461538464 0.0625 0.07451923076923077
10 0.47475961538461536 0.40625 0.06490384615384616 0.052884615384615384
18 0.8185096153846154 0.44711538461538464 0.055288461538461536 0.052884615384615384
26 0.546875 0.53125 0.05048076923076923 0.057692307692307696
14 0.7235576923076923 0.6105769230769231 0.057692307692307696 0.052884615384615384
18 0.8425480769230769 0.6298076923076923 0.05048076923076923 0.057692307692307696
18 0.1814903846153846 0.6622596153846154 0.05048076923076923 0.055288461538461536
26 0.9639423076923077 0.7211538461538461 0.052884615384615384 0.052884615384615384
22 0.08173076923076923 0.7355769230769231 0.08653846153846154 0.08173076923076923
22 0.009615384615384616 0.8185096153846154 0.019230769230769232 0.01201923076923077