26 0.1141826923076923 0.20552884615384615 0.055288461538461536 0.06009615384615385
10 0.9819711538461539 0.21875 0.036057692307692304 0.0673076923076923
6 0.5024038461538461 0.22596153846153846 0.0625 0.0625
10 0.6538461538461539 0.24879807692307693 0.057692307692307696 0.055288461538461536
30 0.703125 0.3112980769230769 0.06009615384615385 0.05048076923076923
18 0.07932692307692307 0.3233173076923077 0.052884615384615384 0.055288461538461536
14 0.21033653846153846 0.3858173076923077 0.05048076923076923 0.055288461538461536
22 0.6959134615384616 0.41225961538461536 0.07932692307692307 0.06009615384615385
14 0.9891826923076923 0.4831730769230769 0.021634615384615384 0.057692307692307696
22 0.4831730769230769 0.5396634615384616 0.09134615384615384 0.0889423076923077
14 0.17427884615384615 0.5721153846153846 0.055288461538461536 0.052884615384615384
30 0.04447115384615385 0.6850961538461539 0.04567307692307692 0.07211538461538461
26 0.9158653846153846 0.6995192307692307 0.052884615384615384 0.052884615384615384
30 0.9915865384615384 0.7415865384615384 0.016826923076923076 0.06490384615384616
18 0.5504807692307693 0.7680288461538461 0.04807692307692308 0.06009615384615385
18 0.7127403846153846 0.7728365384615384 0.05048076923076923 0.05048076923076923
22 0.3629807692307692 0.7764423076923077 0.08173076923076923 0.0625
18 0.8257211538461539 0.8064903846153846 0.055288461538461536 0.036057692307692304