24 0.2956730769230769 0.6911057692307693 0.08653846153846154 0.06490384615384616
35 0.7475961538461539 0.19831730769230768 0.08653846153846154 0.04567307692307692
20 0.15985576923076922 0.6875 0.06971153846153846 0.07692307692307693
32 0.3401442307692308 0.6165865384615384 0.09375 0.06971153846153846
8 0.8521634615384616 0.5060096153846154 0.08413461538461539 0.040865384615384616
16 0.23076923076923078 0.53125 0.0625 0.07211538461538461
8 0.5552884615384616 0.3870192307692308 0.04326923076923077 0.08653846153846154
8 0.17427884615384615 0.8028846153846154 0.06009615384615385 0.04326923076923077
20 0.20072115384615385 0.2800480769230769 0.07932692307692307 0.06490384615384616
24 0.8052884615384616 0.23076923076923078 0.08173076923076923 0.08653846153846154
28 0.47115384615384615 0.46634615384615385 0.0673076923076923 0.09134615384615384
32 0.13341346153846154 0.4951923076923077 0.0889423076923077 0.052884615384615384
24 0.6947115384615384 0.35096153846153844 0.0625 0.08653846153846154
24 0.6490384615384616 0.2403846153846154 0.0625 0.08653846153846154
20 0.7415865384615384 0.4891826923076923 0.07451923076923077 0.06490384615384616
12 0.3641826923076923 0.8173076923076923 0.08413461538461539 0.014423076923076924
4 0.6322115384615384 0.46033653846153844 0.0625 0.06490384615384616
35 0.23557692307692307 0.3762019230769231 0.09134615384615384 0.08413461538461539
35 0.9867788461538461 0.2127403846153846 0.026442307692307692 0.07451923076923077