8 0.30408653846153844 0.6105769230769231 0.08413461538461539 0.057692307692307696
20 0.1502403846153846 0.4951923076923077 0.07451923076923077 0.0673076923076923
28 0.29447115384615385 0.5300480769230769 0.08413461538461539 0.07451923076923077
4 0.18028846153846154 0.5769230769230769 0.0625 0.0625
12 0.037259615384615384 0.7524038461538461 0.04567307692307692 0.09615384615384616
4 0.09975961538461539 0.4110576923076923 0.06490384615384616 0.0673076923076923
32 0.19591346153846154 0.3798076923076923 0.09375 0.08653846153846154
20 0.020432692307692308 0.41466346153846156 0.040865384615384616 0.06971153846153846
32 0.3894230769230769 0.3713942307692308 0.08173076923076923 0.0889423076923077
12 0.5084134615384616 0.47596153846153844 0.06490384615384616 0.09134615384615384
28 0.027644230769230768 0.5168269230769231 0.055288461538461536 0.08653846153846154
16 0.44591346153846156 0.6646634615384616 0.06009615384615385 0.07451923076923077
24 0.4483173076923077 0.7956730769230769 0.09375 0.057692307692307696
16 0.49158653846153844 0.32091346153846156 0.06009615384615385 0.06971153846153846
35 0.1778846153846154 0.6694711538461539 0.07692307692307693 0.08413461538461539
4 0.3557692307692308 0.6995192307692307 0.0625 0.0625
8 0.5829326923076923 0.7824519230769231 0.06971153846153846 0.06971153846153846
32 0.32091346153846156 0.3269230769230769 0.07932692307692307 0.08653846153846154
8 0.6165865384615384 0.49399038461538464 0.08413461538461539 0.055288461538461536
24 0.20793269230769232 0.21514423076923078 0.07932692307692307 0.07932692307692307
16 0.5456730769230769 0.6838942307692307 0.07692307692307693 0.07451923076923077
35 0.4014423076923077 0.5108173076923077 0.08653846153846154 0.07932692307692307
35 0.08653846153846154 0.6442307692307693 0.07692307692307693 0.08653846153846154
24 0.3425480769230769 0.7992788461538461 0.07932692307692307 0.05048076923076923
4 0.5144230769230769 0.578125 0.0625 0.06009615384615385
20 0.5721153846153846 0.30528846153846156 0.0625 0.07211538461538461
16 0.1622596153846154 0.78125 0.06490384615384616 0.07211538461538461