12 0.484375 0.5913461538461539 0.09375 0.057692307692307696
8 0.7211538461538461 0.5889423076923077 0.052884615384615384 0.08173076923076923
24 0.6802884615384616 0.49038461538461536 0.07211538461538461 0.08653846153846154
28 0.7944711538461539 0.42427884615384615 0.0889423076923077 0.07451923076923077
12 0.9543269230769231 0.6322115384615384 0.09134615384615384 0.04326923076923077
12 0.7980769230769231 0.7608173076923077 0.07211538461538461 0.09375
4 0.8040865384615384 0.5072115384615384 0.06971153846153846 0.0673076923076923
8 0.5757211538461539 0.5216346153846154 0.05048076923076923 0.08173076923076923
8 0.7932692307692307 0.31971153846153844 0.07692307692307693 0.07211538461538461
16 0.5817307692307693 0.4050480769230769 0.0673076923076923 0.07451923076923077
32 0.7139423076923077 0.2608173076923077 0.08653846153846154 0.07932692307692307
32 0.36538461538461536 0.5396634615384616 0.09134615384615384 0.07932692307692307
16 0.6021634615384616 0.6117788461538461 0.06971153846153846 0.06490384615384616
20 0.47115384615384615 0.4651442307692308 0.0673076923076923 0.07932692307692307
24 0.9194711538461539 0.22716346153846154 0.08413461538461539 0.07932692307692307
35 0.6057692307692307 0.7175480769230769 0.07692307692307693 0.08413461538461539
20 0.27524038461538464 0.43028846153846156 0.07932692307692307 0.07211538461538461
35 0.90625 0.5348557692307693 0.08653846153846154 0.0889423076923077
32 0.7487980769230769 0.6862980769230769 0.09375 0.07451923076923077
35 0.13581730769230768 0.5084134615384616 0.0889423076923077 0.08413461538461539