16 0.7211538461538461 0.18870192307692307 0.07211538461538461 0.026442307692307692
16 0.11358173076923077 0.23016826923076922 0.0697089092548077 0.057682542067307684
20 0.6586538461538461 0.2536057692307692 0.07211538461538461 0.07451923076923077
28 0.8954326923076923 0.2848557692307692 0.08413461538461539 0.07932692307692307
32 0.7860576923076923 0.2920673076923077 0.09615384615384616 0.06490384615384616
4 0.5516826923076923 0.359375 0.06490384615384616 0.06490384615384616
24 0.34375 0.4026442307692308 0.08173076923076923 0.07932692307692307
35 0.019230769230769232 0.4519230769230769 0.038461538461538464 0.08653846153846154
16 0.4831730769230769 0.5024038461538461 0.0673076923076923 0.07211538461538461
28 0.22355769230769232 0.6009615384615384 0.0625 0.09134615384615384
35 0.039663461538461536 0.6045673076923077 0.07932692307692307 0.07932692307692307
32 0.5564903846153846 0.7355769230769231 0.06490384615384616 0.09134615384615384
8 0.2247596153846154 0.8064903846153846 0.08413461538461539 0.036057692307692304
24 0.12860576923076922 0.8149038461538461 0.07932692307692307 0.019230769230769232