32 0.26322115384615385 0.8197115384615384 0.0889423076923077 0.009615384615384616
12 0.3545673076923077 0.5276442307692307 0.055288461538461536 0.09375
16 0.6322115384615384 0.8197115384615384 0.0625 0.009615384615384616
24 0.6574519230769231 0.6742788461538461 0.08413461538461539 0.06971153846153846
28 0.4699519230769231 0.3545673076923077 0.08413461538461539 0.07932692307692307
20 0.6105769230769231 0.7608173076923077 0.07211538461538461 0.06009615384615385
8 0.5757211538461539 0.49278846153846156 0.05048076923076923 0.08653846153846154
8 0.8473557692307693 0.40865384615384615 0.08413461538461539 0.038461538461538464
12 0.5396634615384616 0.8209134615384616 0.07932692307692307 0.007211538461538462
28 0.33653846153846156 0.3701923076923077 0.07692307692307693 0.08653846153846154
28 0.9795673076923077 0.6935096153846154 0.040865384615384616 0.06971153846153846
24 0.22355769230769232 0.7307692307692307 0.09134615384615384 0.0625
12 0.29086538461538464 0.20192307692307693 0.0673076923076923 0.052884615384615384
32 0.009615384615384616 0.5649038461538461 0.019230769230769232 0.0673076923076923
20 0.11778846153846154 0.7884615384615384 0.07692307692307693 0.07211538461538461
32 0.037259615384615384 0.7560096153846154 0.07451923076923077 0.08413461538461539
8 0.6153846153846154 0.35216346153846156 0.07211538461538461 0.07451923076923077
20 0.734375 0.8137019230769231 0.06490384615384616 0.021634615384615384
16 0.5456730769230769 0.6286057692307693 0.07692307692307693 0.06971153846153846
35 0.7764423076923077 0.6790865384615384 0.08653846153846154 0.08413461538461539
32 0.12740384615384615 0.6033653846153846 0.07692307692307693 0.09134615384615384
4 0.5108173076923077 0.24879807692307693 0.06490384615384616 0.06490384615384616
20 0.01201923076923077 0.6610576923076923 0.02403846153846154 0.07211538461538461