24 0.6634615384615384 0.17668269230769232 0.0673076923076923 0.002403846153846154
28 0.28725961538461536 0.18629807692307693 0.06971153846153846 0.021634615384615384
20 0.020432692307692308 0.17908653846153846 0.040865384615384616 0.007211538461538462
16 0.3713942307692308 0.24759615384615385 0.07451923076923077 0.0673076923076923
8 0.01201923076923077 0.25600961538461536 0.02403846153846154 0.055288461538461536
12 0.875 0.2668269230769231 0.07692307692307693 0.08653846153846154
24 0.12980769230769232 0.30649038461538464 0.08653846153846154 0.07451923076923077
16 0.7235576923076923 0.32211538461538464 0.07692307692307693 0.0625
4 0.03125 0.3401442307692308 0.0625 0.06490384615384616
12 0.8245192307692307 0.375 0.04807692307692308 0.09615384615384616
16 0.5108173076923077 0.3798076923076923 0.07451923076923077 0.07211538461538461
4 0.6466346153846154 0.41947115384615385 0.0673076923076923 0.06971153846153846
8 0.8978365384615384 0.42908653846153844 0.07451923076923077 0.06971153846153846
35 0.09975961538461539 0.4831730769230769 0.08413461538461539 0.08653846153846154
32 0.3701923076923077 0.6069711538461539 0.0625 0.0985576923076923
24 0.6514423076923077 0.6334134615384616 0.08173076923076923 0.08413461538461539
4 0.25841346153846156 0.6790865384615384 0.06490384615384616 0.06490384615384616