32 0.9663461538461539 0.8233173076923077 0.0673076923076923 0.002403846153846154
24 0.08653846153846154 0.5168269230769231 0.07692307692307693 0.09134615384615384
28 0.3473557692307692 0.8185096153846154 0.06971153846153846 0.01201923076923077
4 0.9567307692307693 0.6382211538461539 0.0625 0.06490384615384616
16 0.15384615384615385 0.43509615384615385 0.07211538461538461 0.07692307692307693
24 0.33413461538461536 0.5396634615384616 0.0625 0.09375
32 0.16105769230769232 0.7692307692307693 0.09615384615384616 0.07211538461538461
28 0.7175480769230769 0.796875 0.07932692307692307 0.055288461538461536
16 0.8641826923076923 0.7199519230769231 0.07451923076923077 0.06971153846153846
35 0.039663461538461536 0.59375 0.07932692307692307 0.08653846153846154
28 0.5276442307692307 0.4723557692307692 0.0985576923076923 0.07451923076923077
16 0.0673076923076923 0.8161057692307693 0.07692307692307693 0.016826923076923076
20 0.3293269230769231 0.6550480769230769 0.0673076923076923 0.07451923076923077
35 0.9302884615384616 0.4375 0.09134615384615384 0.08653846153846154
35 0.6995192307692307 0.40024038461538464 0.07692307692307693 0.0889423076923077
20 0.23918269230769232 0.703125 0.07451923076923077 0.07932692307692307
32 0.9266826923076923 0.5396634615384616 0.09375 0.07932692307692307
4 0.6009615384615384 0.5661057692307693 0.0673076923076923 0.06971153846153846
20 0.734375 0.5853365384615384 0.07451923076923077 0.07932692307692307