29 0.7776442307692307 0.5288461538461539 0.07451923076923077 0.10576923076923077
29 0.35096153846153844 0.703125 0.08173076923076923 0.10336538461538461
17 0.18509615384615385 0.6117788461538461 0.08173076923076923 0.10817307692307693
36 0.9831730769230769 0.2548076923076923 0.03365384615384615 0.10576923076923077
5 0.7536057692307693 0.20432692307692307 0.09375 0.057692307692307696
5 0.07091346153846154 0.4411057692307692 0.06971153846153846 0.0889423076923077
5 0.2800480769230769 0.8149038461538461 0.08413461538461539 0.019230769230769232
9 0.03365384615384615 0.5721153846153846 0.0673076923076923 0.057692307692307696
21 0.45913461538461536 0.7824519230769231 0.11057692307692307 0.08413461538461539
21 0.021634615384615384 0.6899038461538461 0.04326923076923077 0.10576923076923077
33 0.6875 0.28966346153846156 0.08653846153846154 0.10817307692307693