16 0.33533653846153844 0.1778846153846154 0.06971153846153846 0.004807692307692308
24 0.9555288461538461 0.17668269230769232 0.0889423076923077 0.002403846153846154
4 0.5612980769230769 0.19230769230769232 0.06490384615384616 0.03365384615384615
28 0.39302884615384615 0.22235576923076922 0.08413461538461539 0.0889423076923077
35 0.7920673076923077 0.2608173076923077 0.0889423076923077 0.0889423076923077
20 0.9675480769230769 0.4254807692307692 0.06490384615384616 0.07692307692307693
32 0.3762019230769231 0.46875 0.08413461538461539 0.08173076923076923
24 0.8257211538461539 0.5 0.07932692307692307 0.08173076923076923
12 0.026442307692307692 0.5048076923076923 0.052884615384615384 0.08653846153846154
28 0.9819711538461539 0.5180288461538461 0.036057692307692304 0.0889423076923077
28 0.11899038461538461 0.5649038461538461 0.08413461538461539 0.08173076923076923
24 0.8762019230769231 0.5817307692307693 0.06971153846153846 0.08653846153846154
4 0.040865384615384616 0.59375 0.057692307692307696 0.0625
8 0.10336538461538461 0.6826923076923077 0.0673076923076923 0.08653846153846154
8 0.02283653846153846 0.703125 0.04567307692307692 0.07932692307692307
4 0.29927884615384615 0.8173076923076923 0.06490384615384616 0.014423076923076924