35 0.8317307692307693 0.21875 0.09134615384615384 0.08653846153846154
4 0.6382211538461539 0.234375 0.06490384615384616 0.06490384615384616
28 0.36778846153846156 0.25 0.08653846153846154 0.07211538461538461
12 0.328125 0.34975961538461536 0.08413461538461539 0.06490384615384616
8 0.43990384615384615 0.3629807692307692 0.052884615384615384 0.08653846153846154
16 0.23012019230769235 0.42175480769230766 0.06488919771634617 0.07930213341346154
12 0.33052884615384615 0.4567307692307692 0.06971153846153846 0.08653846153846154
8 0.1310096153846154 0.5048076923076923 0.05048076923076923 0.08653846153846154
20 0.025240384615384616 0.5408653846153846 0.05048076923076923 0.07211538461538461
24 0.40865384615384615 0.5600961538461539 0.0625 0.08653846153846154
16 0.2620192307692308 0.5685096153846154 0.0625 0.07451923076923077
12 0.2247596153846154 0.6598557692307693 0.0985576923076923 0.06009615384615385
32 0.11057692307692307 0.7283653846153846 0.07211538461538461 0.09134615384615384
8 0.2127403846153846 0.7884615384615384 0.06009615384615385 0.07211538461538461
28 0.8425480769230769 0.7944711538461539 0.07932692307692307 0.06009615384615385
4 0.7596153846153846 0.8197115384615384 0.0625 0.009615384615384616