29 0.9831730769230769 0.32572115384615385 0.03365384615384615 0.07932692307692307
9 0.11658653846153846 0.33052884615384615 0.08413461538461539 0.07932692307692307
9 0.5276442307692307 0.3581730769230769 0.05048076923076923 0.09615384615384616
17 0.21634615384615385 0.36177884615384615 0.09615384615384616 0.0985576923076923
5 0.6730769230769231 0.36778846153846156 0.08653846153846154 0.08173076923076923
29 0.7211538461538461 0.453125 0.09134615384615384 0.10336538461538461
33 0.026442307692307692 0.45913461538461536 0.052884615384615384 0.10576923076923077
17 0.3389423076923077 0.46033653846153844 0.11057692307692307 0.0889423076923077
29 0.5865384615384616 0.47596153846153844 0.09615384615384616 0.10096153846153846
5 0.8317307692307693 0.4831730769230769 0.08653846153846154 0.07211538461538461
33 0.4723557692307692 0.5132211538461539 0.07932692307692307 0.11298076923076923
5 0.5108173076923077 0.6382211538461539 0.06490384615384616 0.07932692307692307
25 0.03125 0.7788461538461539 0.0625 0.09134615384615384
25 0.984375 0.8028846153846154 0.03125 0.04326923076923077