8 0.75 0.53125 0.052884615384615384 0.09134615384615384
28 0.4206730769230769 0.4182692307692308 0.07211538461538461 0.09615384615384616
12 0.10096153846153846 0.7728365384615384 0.0673076923076923 0.09375
8 0.640625 0.5576923076923077 0.08413461538461539 0.04326923076923077
12 0.24639423076923078 0.4639423076923077 0.0889423076923077 0.07692307692307693
16 0.921875 0.609375 0.07451923076923077 0.06009615384615385
32 0.3233173076923077 0.24278846153846154 0.0985576923076923 0.0625
16 0.5084134615384616 0.17668269230769232 0.06490384615384616 0.002403846153846154
4 0.49038461538461536 0.29927884615384615 0.0673076923076923 0.06490384615384616
35 0.9483173076923077 0.40384615384615385 0.08413461538461539 0.09134615384615384
32 0.5264423076923077 0.41466346153846156 0.057692307692307696 0.0985576923076923