12 0.5564903846153846 0.23076923076923078 0.0985576923076923 0.04807692307692308
8 0.8461538461538461 0.2512019230769231 0.08653846153846154 0.055288461538461536
35 0.4375 0.27163461538461536 0.08653846153846154 0.08653846153846154
35 0.03245192307692308 0.3317307692307692 0.06490384615384616 0.09134615384615384
12 0.22596153846153846 0.4483173076923077 0.0673076923076923 0.0889423076923077
20 0.32091346153846156 0.48197115384615385 0.06971153846153846 0.07932692307692307
24 0.6490384615384616 0.49399038461538464 0.08653846153846154 0.06971153846153846
24 0.054086538461538464 0.49759615384615385 0.0889423076923077 0.0673076923076923
28 0.13048076923076918 0.5454807692307693 0.08171912560096156 0.08173076923076923
35 0.96875 0.5480769230769231 0.0625 0.08653846153846154
16 0.23918269230769232 0.5661057692307693 0.06009615384615385 0.07451923076923077
16 0.328125 0.5865384615384616 0.06971153846153846 0.0625
28 0.042067307692307696 0.5961538461538461 0.07932692307692307 0.07692307692307693
8 0.9831730769230769 0.6286057692307693 0.03365384615384615 0.055288461538461536
4 0.18870192307692307 0.6610576923076923 0.06490384615384616 0.0625
24 0.7175480769230769 0.6983173076923077 0.08413461538461539 0.08413461538461539
32 0.7920673076923077 0.7740384615384616 0.06971153846153846 0.09134615384615384