8 0.421875 0.3004807692307692 0.04567307692307692 0.08653846153846154
28 0.7055288461538461 0.4699519230769231 0.06490384615384616 0.09375
12 0.15985576923076922 0.3605769230769231 0.04567307692307692 0.10096153846153846
24 0.4483173076923077 0.17908653846153846 0.09375 0.007211538461538462
28 0.6322115384615384 0.23076923076923078 0.07211538461538461 0.09615384615384616
12 0.6189903846153846 0.45913461538461536 0.06009615384615385 0.09134615384615384
20 0.5973557692307693 0.3389423076923077 0.06971153846153846 0.07692307692307693
24 0.5300480769230769 0.23076923076923078 0.06490384615384616 0.08173076923076923
32 0.5144230769230769 0.3473557692307692 0.07211538461538461 0.0889423076923077
24 0.3425480769230769 0.1935096153846154 0.07932692307692307 0.036057692307692304
35 0.5204326923076923 0.4519230769230769 0.08413461538461539 0.07692307692307693