22 0.47475961538461536 0.6394230769230769 0.09134615384615384 0.09134615384615384
22 0.6442307692307693 0.6430288461538461 0.0865009014423077 0.06009615384615385
18 0.3605769230769231 0.6430288461538461 0.052884615384615384 0.055288461538461536
10 0.29086538461538464 0.6826923076923077 0.057692307692307696 0.0625
6 0.18870192307692307 0.6959134615384616 0.0673076923076923 0.0673076923076923
30 0.4266826923076923 0.7199519230769231 0.05048076923076923 0.055288461538461536
14 0.5504807692307693 0.7355769230769231 0.052884615384615384 0.052884615384615384
18 0.23918269230769232 0.7632211538461539 0.052884615384615384 0.06009615384615385
26 0.3641826923076923 0.8016826923076923 0.055288461538461536 0.04567307692307692
26 0.4735576923076923 0.8112980769230769 0.052884615384615384 0.026442307692307692
6 0.5685096153846154 0.8112980769230769 0.06009615384615385 0.026442307692307692