36 0.5192307692307693 0.1814903846153846 0.07692307692307693 0.01201923076923077
13 0.6550480769230769 0.21634615384615385 0.0889423076923077 0.07211538461538461
25 0.16692307692307706 0.296875 0.1081681941105769 0.08894268329326928
9 0.8425480769230769 0.31490384615384615 0.10336538461538461 0.0625
25 0.3894230769230769 0.32091346153846156 0.09615384615384616 0.10817307692307693
9 0.17646634615384607 0.389639423076923 0.0937492487980769 0.04805851862980777
13 0.9627403846153846 0.4182692307692308 0.07451923076923077 0.07692307692307693
29 0.5733173076923077 0.6177884615384616 0.10817307692307693 0.08653846153846154
21 0.4338942307692308 0.65625 0.07932692307692307 0.10576923076923077
9 0.26802884615384615 0.6694711538461539 0.04567307692307692 0.10336538461538461
17 0.5805288461538461 0.765625 0.09375 0.11298076923076923