35 0.019230769230769232 0.19831730769230768 0.038461538461538464 0.04567307692307692
8 0.3317307692307692 0.6105769230769231 0.07211538461538461 0.08173076923076923
12 0.7091346153846154 0.35336538461538464 0.09615384615384616 0.04326923076923077
32 0.7572115384615384 0.5048076923076923 0.0673076923076923 0.09134615384615384
20 0.5528846153846154 0.20192307692307693 0.0625 0.052884615384615384
35 0.6971153846153846 0.1971153846153846 0.08173076923076923 0.04326923076923077
24 0.6514423076923077 0.5336538461538461 0.0625 0.08653846153846154
24 0.8016826923076923 0.625 0.06971153846153846 0.08653846153846154
4 0.8942307692307693 0.4807692307692308 0.0625 0.0625
28 0.9014423076923077 0.22716346153846154 0.0673076923076923 0.10336538461538461
35 0.4735576923076923 0.46634615384615385 0.08653846153846154 0.08653846153846154
16 0.7680288461538461 0.2704326923076923 0.06490384615384616 0.07451923076923077
20 0.2800480769230769 0.24639423076923078 0.07932692307692307 0.07932692307692307