17 0.7319711538461539 0.18870192307692307 0.07451923076923077 0.026442307692307692
25 0.23918269230769232 0.203125 0.07932692307692307 0.055288461538461536
5 0.3485576923076923 0.20793269230769232 0.09134615384615384 0.06490384615384616
33 0.8617788461538461 0.2247596153846154 0.10817307692307693 0.0889423076923077
29 0.33653846153846156 0.30649038461538464 0.09134615384615384 0.10817307692307693
21 0.41346153846153844 0.41586538461538464 0.11057692307692307 0.08173076923076923
9 0.5612980769230769 0.4266826923076923 0.0889423076923077 0.06490384615384616
33 0.2764423076923077 0.5408653846153846 0.10096153846153846 0.10576923076923077
17 0.8269230769230769 0.7283653846153846 0.08173076923076923 0.11057692307692307
17 0.18629807692307693 0.734375 0.10817307692307693 0.0889423076923077
36 0.5625 0.75 0.1201923076923077 0.07211538461538461
33 0.7680288461538461 0.8040865384615384 0.11298076923076923 0.040865384615384616