29 0.47475961538461536 0.1814903846153846 0.11298076923076923 0.01201923076923077
21 0.4206730769230769 0.34134615384615385 0.10576923076923077 0.10096153846153846
25 0.5504807692307693 0.3473557692307692 0.11538461538461539 0.0889423076923077
17 0.6213942307692307 0.46875 0.11298076923076923 0.08173076923076923
9 0.6069711538461539 0.6051923076923077 0.10817307692307693 0.028864558293269154
33 0.038461538461538464 0.6298076923076923 0.07211538461538461 0.11057692307692307
25 0.49038461538461536 0.65625 0.08173076923076923 0.11538461538461539
5 0.8798076923076923 0.6887019230769231 0.08653846153846154 0.07932692307692307
29 0.6057692307692307 0.7776442307692307 0.07692307692307693 0.09375
36 0.056490384615384616 0.7764423076923077 0.07451923076923077 0.09615384615384616
33 0.4326923076923077 0.8209134615384616 0.11538461538461539 0.007211538461538462