16 0.030048076923076924 0.19471153846153846 0.06009615384615385 0.038461538461538464
4 0.5829326923076923 0.1935096153846154 0.06009615384615385 0.036057692307692304
16 0.21394230769230768 0.203125 0.07211538461538461 0.055288461538461536
20 0.010817307692307692 0.24879807692307693 0.021634615384615384 0.07451923076923077
35 0.8641826923076923 0.3245192307692308 0.07451923076923077 0.08653846153846154
32 0.08774038461538461 0.38341346153846156 0.0889423076923077 0.0889423076923077
12 0.7788461538461539 0.390625 0.0625 0.09375
4 0.008413461538461538 0.3918269230769231 0.016826923076923076 0.0673076923076923
16 0.9110576923076923 0.4206730769230769 0.07692307692307693 0.07211538461538461
24 0.03125 0.5036057692307693 0.0625 0.0889423076923077
8 0.6730769230769231 0.5949519230769231 0.052884615384615384 0.08413461538461539
32 0.5901442307692307 0.7067307692307693 0.06971153846153846 0.09615384615384616