28 0.6899038461538461 0.44711538461538464 0.07692307692307693 0.08653846153846154
16 0.6838942307692307 0.34134615384615385 0.06009615384615385 0.07211538461538461
32 0.5012019230769231 0.27163461538461536 0.09375 0.057692307692307696
12 0.7103365384615384 0.5408653846153846 0.0889423076923077 0.08173076923076923
20 0.6478365384615384 0.19831730769230768 0.06971153846153846 0.04567307692307692
12 0.5288461538461539 0.4254807692307692 0.08653846153846154 0.07692307692307693
32 0.9338942307692307 0.3076923076923077 0.09375 0.07211538461538461
24 0.3629807692307692 0.36899038461538464 0.08173076923076923 0.07932692307692307
16 0.3762019230769231 0.5108173076923077 0.07451923076923077 0.06971153846153846
32 0.24519230769230768 0.4110576923076923 0.07211538461538461 0.09134615384615384
35 0.4855769230769231 0.3557692307692308 0.08653846153846154 0.07692307692307693