26 0.06129807692307692 0.22956730769230768 0.055288461538461536 0.055288461538461536
18 0.9326923076923077 0.3076923076923077 0.052884615384615384 0.057692307692307696
22 0.39903846153846156 0.3762019230769231 0.052884615384615384 0.08413461538461539
10 0.013221153846153846 0.39783653846153844 0.026442307692307692 0.06009615384615385
22 0.9567307692307693 0.40024038461538464 0.08653846153846154 0.08413461538461539
18 0.7548076923076923 0.41466346153846156 0.04807692307692308 0.055288461538461536
14 0.24278846153846154 0.44591346153846156 0.052884615384615384 0.05048076923076923
18 0.7331730769230769 0.5216346153846154 0.052884615384615384 0.05292217548076923
30 0.8569711538461539 0.5444711538461539 0.06490384615384616 0.05048076923076923
10 0.9879807692307693 0.5913461538461539 0.02403846153846154 0.0673076923076923
30 0.8377403846153846 0.6622596153846154 0.06971153846153846 0.04567307692307692
6 0.4170673076923077 0.6706730769230769 0.06971153846153846 0.0625
22 0.33052884615384615 0.8197115384615384 0.07932692307692307 0.009615384615384616