32 0.26322115384615385 0.2127403846153846 0.0889423076923077 0.07451923076923077
4 0.7055288461538461 0.6153846153846154 0.06490384615384616 0.0625
16 0.6322115384615384 0.2091346153846154 0.0625 0.0673076923076923
8 0.15865384615384615 0.25841346153846156 0.08653846153846154 0.040865384615384616
12 0.5396634615384616 0.21514423076923078 0.07932692307692307 0.07932692307692307
24 0.6165865384615384 0.5336538461538461 0.08413461538461539 0.08653846153846154
28 0.5096153846153846 0.5024038461538461 0.08653846153846154 0.08173076923076923
12 0.44711538461538464 0.7115384615384616 0.0673076923076923 0.09134615384615384
16 0.5649038461538461 0.6334134615384616 0.07692307692307693 0.06490384615384616
24 0.7487980769230769 0.5168269230769231 0.07932692307692307 0.08653846153846154
4 0.6346153846153846 0.3004807692307692 0.0673076923076923 0.0625
20 0.11778846153846154 0.1778846153846154 0.07692307692307693 0.004807692307692308
16 0.359375 0.3449519230769231 0.06971153846153846 0.07451923076923077
20 0.734375 0.20192307692307693 0.06490384615384616 0.052884615384615384
4 0.5769230769230769 0.375 0.0673076923076923 0.0673076923076923
35 0.02403846153846154 0.23677884615384615 0.04807692307692308 0.08413461538461539
35 0.38100961538461536 0.4495192307692308 0.0889423076923077 0.07692307692307693