28 0.6826923076923077 0.18990384615384615 0.09134615384615384 0.028846153846153848
32 0.42788461538461536 0.31009615384615385 0.09134615384615384 0.07692307692307693
20 0.5733173076923077 0.43028846153846156 0.07932692307692307 0.07211538461538461
12 0.8173076923076923 0.4579326923076923 0.09615384615384616 0.04567307692307692
12 0.6947115384615384 0.49399038461538464 0.10576923076923077 0.040865384615384616
4 0.7956730769230769 0.5432692307692307 0.0673076923076923 0.0625
35 0.07091346153846154 0.5588942307692307 0.07932692307692307 0.0889423076923077
8 0.4411057692307692 0.5745192307692307 0.06971153846153846 0.07211538461538461
16 0.9290865384615384 0.7319711538461539 0.07451923076923077 0.07451923076923077
35 0.17668269230769232 0.7788461538461539 0.0889423076923077 0.09134615384615384
12 0.016826923076923076 0.8173076923076923 0.03365384615384615 0.014423076923076924
32 0.49278846153846156 0.8161057692307693 0.07211538461538461 0.016826923076923076