20 0.3076923076923077 0.19951923076923078 0.07211538461538461 0.04807692307692308
4 0.015625 0.24879807692307693 0.03125 0.06490384615384616
16 0.13221153846153846 0.3004807692307692 0.0625 0.07211538461538461
20 0.09254807692307693 0.4411057692307692 0.07451923076923077 0.06971153846153846
12 0.1875 0.46634615384615385 0.057692307692307696 0.10096153846153846
20 0.2776442307692308 0.5012019230769231 0.06490384615384616 0.07932692307692307
8 0.4098557692307692 0.5336538461538461 0.08413461538461539 0.04326923076923077
28 0.06610576923076923 0.546875 0.07932692307692307 0.08413461538461539
35 0.27524038461538464 0.5961538461538461 0.08413461538461539 0.07692307692307693
16 0.4795673076923077 0.6334134615384616 0.07451923076923077 0.07451923076923077
32 0.13822115384615385 0.6502403846153846 0.09375 0.055288461538461536
4 0.33774038461538464 0.6670673076923077 0.06490384615384616 0.06490384615384616
16 0.41346153846153844 0.7524038461538461 0.0673076923076923 0.07692307692307693