9 0.8473557692307693 0.21634615384615385 0.05048076923076923 0.08173076923076923
9 0.14182692307692307 0.22235576923076922 0.038461538461538464 0.09375
5 0.5036057692307693 0.2692307692307692 0.06971153846153846 0.09134615384615384
13 0.6538461538461539 0.3245192307692308 0.0673076923076923 0.10096153846153846
29 0.9230769230769231 0.3245192307692308 0.11538461538461539 0.07692307692307693
29 0.5252403846153846 0.4963942307692308 0.10817307692307693 0.08413461538461539
17 0.6738461538461537 0.5746394230769231 0.09854679987980766 0.05768329326923084
5 0.9867788461538461 0.6442307692307693 0.026442307692307692 0.07211538461538461
25 0.33653846153846156 0.671875 0.09615384615384616 0.10817307692307693
21 0.8004807692307693 0.7451923076923077 0.07211538461538461 0.11057692307692307
33 0.028846153846153848 0.8185096153846154 0.057692307692307696 0.01201923076923077
21 0.7139423076923077 0.8233173076923077 0.08653846153846154 0.002403846153846154