16 0.9723557692307693 0.1935096153846154 0.055288461538461536 0.036057692307692304
12 0.09975961538461539 0.6514423076923077 0.0985576923076923 0.052884615384615384
24 0.7524038461538461 0.21634615384615385 0.09134615384615384 0.057692307692307696
8 0.4206730769230769 0.19230769230769232 0.0673076923076923 0.03365384615384615
20 0.42908653846153844 0.2764423076923077 0.07451923076923077 0.0625
28 0.13822115384615385 0.35336538461538464 0.06971153846153846 0.09615384615384616
4 0.875 0.24639423076923078 0.0673076923076923 0.06490384615384616
28 0.6790865384615384 0.3016826923076923 0.07451923076923077 0.08413461538461539
20 0.8305288461538461 0.5612980769230769 0.06490384615384616 0.07451923076923077
20 0.13581730769230768 0.546875 0.07932692307692307 0.06490384615384616
16 0.025240384615384616 0.5661057692307693 0.05048076923076923 0.07451923076923077
20 0.3161057692307692 0.5685096153846154 0.06490384615384616 0.07451923076923077
32 0.6899038461538461 0.48197115384615385 0.057692307692307696 0.09375
4 0.2091346153846154 0.6730769230769231 0.0625 0.0673076923076923
32 0.21754807692307693 0.4170673076923077 0.06009615384615385 0.09375
24 0.5168269230769231 0.37740384615384615 0.07211538461538461 0.08653846153846154
12 0.421875 0.5132211538461539 0.040865384615384616 0.10336538461538461
32 0.037259615384615384 0.38822115384615385 0.07451923076923077 0.09375
35 0.4026442307692308 0.3713942307692308 0.08413461538461539 0.07451923076923077