24 0.018028846153846152 0.7536057692307693 0.036057692307692304 0.06971153846153846
28 0.28725961538461536 0.22235576923076922 0.07932692307692307 0.08413461538461539
12 0.5444711538461539 0.3233173076923077 0.09375 0.04567307692307692
28 0.025240384615384616 0.6682692307692307 0.05048076923076923 0.07211538461538461
8 0.17067307692307693 0.25841346153846156 0.08173076923076923 0.05048076923076923
4 0.07932692307692307 0.4963942307692308 0.0673076923076923 0.06490384615384616
12 0.036057692307692304 0.5757211538461539 0.04326923076923077 0.0985576923076923
24 0.19951923076923078 0.3713942307692308 0.0673076923076923 0.08413461538461539
35 0.31490384615384615 0.3125 0.08653846153846154 0.09134615384615384
4 0.28966346153846156 0.41346153846153844 0.06490384615384616 0.0625
35 0.40865384615384615 0.6334134615384616 0.08653846153846154 0.08413461538461539
32 0.08653846153846154 0.3581730769230769 0.0673076923076923 0.09134615384615384
16 0.703125 0.5673076923076923 0.06009615384615385 0.07211538461538461
32 0.6935096153846154 0.30528846153846156 0.09375 0.0673076923076923