16 0.6610576923076923 0.18269230769230768 0.0625 0.014423076923076924
35 0.23317307692307693 0.23918269230769232 0.07692307692307693 0.08413461538461539
8 0.45913461538461536 0.28725961538461536 0.0673076923076923 0.07932692307692307
16 0.11057692307692307 0.296875 0.07211538461538461 0.06009615384615385
12 0.4362980769230769 0.3786057692307692 0.09375 0.04567307692307692
28 0.5793269230769231 0.4699519230769231 0.08653846153846154 0.06971153846153846
12 0.8942307692307693 0.47836538461538464 0.09615384615384616 0.052884615384615384
24 0.46274038461538464 0.47836538461538464 0.08413461538461539 0.0673076923076923
4 0.08052884615384616 0.5192307692307693 0.06490384615384616 0.0673076923076923
4 0.34615384615384615 0.5300480769230769 0.0625 0.06490384615384616
20 0.9387019230769231 0.6262019230769231 0.06971153846153846 0.07451923076923077
32 0.7572115384615384 0.6995192307692307 0.08173076923076923 0.08653846153846154
32 0.5685096153846154 0.7536057692307693 0.07451923076923077 0.0889423076923077
28 0.8245192307692307 0.796875 0.08653846153846154 0.055288461538461536
16 0.15745192307692307 0.8004807692307693 0.06490384615384616 0.04807692307692308
24 0.026442307692307692 0.8161057692307693 0.052884615384615384 0.016826923076923076