32 0.41466346153846156 0.18269230769230768 0.0889423076923077 0.014423076923076924
16 0.5132211538461539 0.19951923076923078 0.06009615384615385 0.04807692307692308
4 0.6213942307692307 0.21153846153846154 0.06971153846153846 0.0673076923076923
28 0.9627403846153846 0.2692307692307692 0.07451923076923077 0.07211538461538461
16 0.7139423076923077 0.27524038461538464 0.07211538461538461 0.07451923076923077
24 0.054086538461538464 0.3088942307692308 0.08413461538461539 0.055288461538461536
20 0.40625 0.359375 0.08173076923076923 0.06490384615384616
32 0.6538461538461539 0.36778846153846156 0.09134615384615384 0.08653846153846154
32 0.09360576923076937 0.4166586538461538 0.07690880408653845 0.09614182692307693
16 0.5360576923076923 0.4338942307692308 0.0673076923076923 0.07451923076923077
8 0.03125 0.5300480769230769 0.0625 0.07932692307692307
20 0.09120192307692321 0.6182692307692308 0.08174166165865385 0.07453237680288463
12 0.46153846153846156 0.6646634615384616 0.0625 0.09375
24 0.22235576923076922 0.6742788461538461 0.0889423076923077 0.06490384615384616
24 0.03485576923076923 0.7403846153846154 0.06971153846153846 0.09134615384615384
35 0.2824519230769231 0.7572115384615384 0.0889423076923077 0.09134615384615384
12 0.6814903846153846 0.7704326923076923 0.0985576923076923 0.04567307692307692
8 0.8966346153846154 0.8209134615384616 0.04807692307692308 0.007211538461538462