8 0.125 0.18269230769230768 0.07692307692307693 0.014423076923076924
24 0.015625 0.1971153846153846 0.03125 0.04326923076923077
28 0.6081730769230769 0.2776442307692308 0.07211538461538461 0.0889423076923077
28 0.32211538461538464 0.3762019230769231 0.07211538461538461 0.08413461538461539
32 0.051682692307692304 0.40625 0.09375 0.0625
4 0.16706730769230768 0.4338942307692308 0.06490384615384616 0.06490384615384616
4 0.75 0.484375 0.0625 0.06490384615384616
12 0.29086538461538464 0.5216346153846154 0.08653846153846154 0.07692307692307693
20 0.6947115384615384 0.5841346153846154 0.0673076923076923 0.07211538461538461
28 0.02403846153846154 0.6069711538461539 0.04807692307692308 0.10336538461538461
16 0.7103365384615384 0.6959134615384616 0.06009615384615385 0.06971153846153846
35 0.8954326923076923 0.71875 0.0889423076923077 0.08653846153846154
16 0.04447115384615385 0.7271634615384616 0.07451923076923077 0.06009615384615385
20 0.6213942307692307 0.7355769230769231 0.06490384615384616 0.07211538461538461
12 0.7848557692307693 0.7379807692307693 0.055288461538461536 0.09134615384615384
35 0.15985576923076922 0.7644230769230769 0.08413461538461539 0.08173076923076923
4 0.4795673076923077 0.7680288461538461 0.06009615384615385 0.06490384615384616
16 0.23798076923076922 0.8173076923076923 0.0673076923076923 0.014423076923076924
24 0.7860576923076923 0.8209134615384616 0.09134615384615384 0.007211538461538462