13 0.8317307692307693 0.18028846153846154 0.07692307692307693 0.009615384615384616
36 0.5540865384615384 0.18629807692307693 0.11778846153846154 0.021634615384615384
5 0.08052884615384616 0.20192307692307693 0.07451923076923077 0.052884615384615384
29 0.6490384615384616 0.22235576923076922 0.07692307692307693 0.09375
29 0.7548076923076923 0.28125 0.11057692307692307 0.07211538461538461
13 0.29086538461538464 0.3137019230769231 0.11057692307692307 0.06971153846153846
36 0.42788461538461536 0.35697115384615385 0.10096153846153846 0.11298076923076923
33 0.6274038461538461 0.36778846153846156 0.07692307692307693 0.11057692307692307
17 0.054086538461538464 0.5276442307692307 0.10817307692307693 0.0985576923076923
21 0.3918269230769231 0.5288461538461539 0.08173076923076923 0.10576923076923077
36 0.1502403846153846 0.6045673076923077 0.12259615384615384 0.09375
21 0.5240384615384616 0.6790865384615384 0.10576923076923077 0.0985576923076923
33 0.9146634615384616 0.6802884615384616 0.11778846153846154 0.08173076923076923
25 0.38100961538461536 0.8004807692307693 0.10817307692307693 0.04807692307692308