35 0.07572115384615384 0.17908653846153846 0.07932692307692307 0.007211538461538462
24 0.016826923076923076 0.18509615384615385 0.03365384615384615 0.019230769230769232
28 0.19591346153846154 0.21153846153846154 0.07932692307692307 0.07211538461538461
16 0.33533653846153844 0.21153846153846154 0.07451923076923077 0.07211538461538461
4 0.984375 0.2403846153846154 0.03125 0.0673076923076923
32 0.796875 0.25721153846153844 0.06490384615384616 0.09615384615384616
35 0.24879807692307693 0.28846153846153844 0.09375 0.08653846153846154
24 0.09975961538461539 0.2932692307692308 0.06490384615384616 0.09134615384615384
8 0.5408653846153846 0.3233173076923077 0.04807692307692308 0.0889423076923077
12 0.8545673076923077 0.3786057692307692 0.040865384615384616 0.10817307692307693
20 0.7295673076923077 0.4266826923076923 0.07451923076923077 0.07932692307692307
28 0.96875 0.4362980769230769 0.0625 0.07451923076923077
35 0.9002403846153846 0.5012019230769231 0.08413461538461539 0.0889423076923077
32 0.9206730769230769 0.6165865384615384 0.09134615384615384 0.07451923076923077