35 0.90625 0.31009615384615385 0.08653846153846154 0.09134615384615384
24 0.29927884615384615 0.18269230769230768 0.06490384615384616 0.014423076923076924
16 0.036057692307692304 0.19110576923076922 0.07211538461538461 0.03125
28 0.4879807692307692 0.22956730769230768 0.09615384615384616 0.06971153846153846
28 0.4807692307692308 0.5793269230769231 0.08173076923076923 0.08173076923076923
28 0.04567307692307692 0.2824519230769231 0.09134615384615384 0.06971153846153846
8 0.5889423076923077 0.4987980769230769 0.04807692307692308 0.08413461538461539
12 0.34975961538461536 0.26802884615384615 0.08413461538461539 0.07932692307692307
8 0.19951923076923078 0.32211538461538464 0.0625 0.08173076923076923
24 0.8509615384615384 0.4362980769230769 0.0673076923076923 0.0889423076923077
4 0.0889423076923077 0.3918269230769231 0.0625 0.0673076923076923
4 0.31971153846153844 0.40625 0.0673076923076923 0.0673076923076923
12 0.9242788461538461 0.6165865384615384 0.040865384615384616 0.10817307692307693
4 0.22115384615384615 0.19591346153846154 0.0673076923076923 0.040865384615384616
32 0.5228365384615384 0.37259615384615385 0.07932692307692307 0.09134615384615384
8 0.6814903846153846 0.4423076923076923 0.07451923076923077 0.07211538461538461
4 0.09735576923076923 0.6298076923076923 0.06490384615384616 0.0625