6 0.026442307692307692 0.18269230769230768 0.052884615384615384 0.014423076923076924
10 0.9579326923076923 0.25841346153846156 0.06009615384615385 0.05048076923076923
18 0.018028846153846152 0.2668269230769231 0.036057692307692304 0.057692307692307696
6 0.040865384615384616 0.3870192307692308 0.0673076923076923 0.06253756009615384
10 0.1310096153846154 0.4891826923076923 0.05048076923076923 0.06490384615384616
26 0.03245192307692308 0.5216346153846154 0.055288461538461536 0.057692307692307696
30 0.9471153846153846 0.5288461538461539 0.07211538461538461 0.04807692307692308
6 0.4735576923076923 0.5492788461538461 0.057692307692307696 0.06971153846153846
18 0.016826923076923076 0.609375 0.03365384615384615 0.05048076923076923
6 0.6478365384615384 0.7944711538461539 0.06009615384615385 0.06009615384615385
30 0.14423076923076922 0.8076923076923077 0.0673076923076923 0.03365384615384615