20 0.32211538461538464 0.5673076923076923 0.07211538461538461 0.08173076923076923
24 0.3858173076923077 0.6682692307692307 0.09375 0.07211538461538461
28 0.6418269230769231 0.3870192307692308 0.07692307692307693 0.09134615384615384
28 0.4266826923076923 0.48677884615384615 0.06490384615384616 0.0985576923076923
24 0.23798076923076922 0.6009615384615384 0.07692307692307693 0.08653846153846154
16 0.5168269230769231 0.2980769230769231 0.0625 0.07211538461538461
12 0.5120192307692307 0.4110576923076923 0.07692307692307693 0.08653846153846154
16 0.5024038461538461 0.20432692307692307 0.07692307692307693 0.057692307692307696
16 0.27283653846153844 0.6947115384615384 0.07451923076923077 0.0625
35 0.7704326923076923 0.8185096153846154 0.09375 0.01201923076923077
24 0.23197115384615385 0.33052884615384615 0.07451923076923077 0.08413461538461539
32 0.6923076923076923 0.46153846153846156 0.08173076923076923 0.09134615384615384
4 0.9711538461538461 0.5576923076923077 0.057692307692307696 0.0673076923076923
28 0.7439903846153846 0.734375 0.0985576923076923 0.06971153846153846
35 0.6069711538461539 0.24278846153846154 0.08413461538461539 0.09134615384615384
8 0.13822115384615385 0.6081730769230769 0.07451923076923077 0.07211538461538461
32 0.24759615384615385 0.7944711538461539 0.07211538461538461 0.06009615384615385
20 0.9699519230769231 0.7920673076923077 0.06009615384615385 0.06490384615384616
12 0.8173076923076923 0.5300480769230769 0.04326923076923077 0.10817307692307693
20 0.5288461538461539 0.8028846153846154 0.07692307692307693 0.04326923076923077
35 0.5949519230769231 0.5492788461538461 0.08413461538461539 0.07451923076923077