29 0.16346153846153846 0.23798076923076922 0.07692307692307693 0.10576923076923077
25 0.8617788461538461 0.4639423076923077 0.11298076923076923 0.10096153846153846
36 0.013221153846153846 0.46875 0.026442307692307692 0.11538461538461539
33 0.9471153846153846 0.5264423076923077 0.10576923076923077 0.09615384615384616
21 0.2764423076923077 0.5805288461538461 0.11057692307692307 0.0889423076923077
29 0.054086538461538464 0.6213942307692307 0.07451923076923077 0.11298076923076923
5 0.3762019230769231 0.6826923076923077 0.0985576923076923 0.0673076923076923
9 0.9759615384615384 0.7223557692307693 0.04807692307692308 0.03125
36 0.20072115384615385 0.7271634615384616 0.0889423076923077 0.11778846153846154
36 0.30408653846153844 0.8040865384615384 0.11778846153846154 0.040865384615384616
13 0.7331730769230769 0.8137019230769231 0.10576923076923077 0.021634615384615384
17 0.030048076923076924 0.8161057692307693 0.06009615384615385 0.016826923076923076