5 0.9003605769230768 0.22213942307692314 0.07932166466346156 0.07932429387019233
9 0.7082451923076926 0.27264423076923083 0.04085975060096148 0.0985310246394231
25 0.5816826923076923 0.3028365384615385 0.10574181189903854 0.08656963641826926
21 0.8285096153846155 0.35802884615384617 0.07692307692307693 0.10576021634615389
5 0.6702163461538461 0.4658173076923076 0.08651893028846139 0.060101036658653885
17 0.8737980769230769 0.5027884615384616 0.1033586237980769 0.0961647385817308
33 0.6822115384615384 0.6657932692307693 0.09376427283653864 0.1105739182692307
33 0.41088942307692294 0.6866105769230769 0.09617901141826916 0.1105739182692307
21 0.12812499999999988 0.7725240384615385 0.10575796274038463 0.08896822415865394
29 0.9014423076923077 0.7896634615384616 0.09134615384615384 0.06971153846153846
36 0.23918269230769232 0.8088942307692307 0.06490384615384616 0.03125
36 0.6394230769230769 0.8185096153846154 0.07211538461538461 0.01201923076923077