21 0.09975961538461539 0.18629807692307693 0.10817307692307693 0.021634615384615384
29 0.8257211538461539 0.20072115384615385 0.11298076923076923 0.05048076923076923
36 0.9543269230769231 0.22956730769230768 0.09134615384615384 0.0889423076923077
29 0.28725961538461536 0.24759615384615385 0.08413461538461539 0.11057692307692307
25 0.7295673076923077 0.24879807692307693 0.0985576923076923 0.11778846153846154
36 0.030048076923076924 0.2536057692307692 0.06009615384615385 0.11778846153846154
29 0.4254807692307692 0.328125 0.09134615384615384 0.11298076923076923
25 0.21754807692307693 0.36538461538461536 0.11298076923076923 0.11538461538461539
13 0.026442307692307692 0.49278846153846156 0.052884615384615384 0.08653846153846154
5 0.18870192307692307 0.5060096153846154 0.07451923076923077 0.0985576923076923
17 0.038461538461538464 0.6177884615384616 0.07692307692307693 0.07692307692307693
25 0.53125 0.6274038461538461 0.09134615384615384 0.1201923076923077