13 0.018028846153846152 0.4891826923076923 0.036057692307692304 0.08413461538461539
9 0.09495192307692307 0.6213942307692307 0.10817307692307693 0.05048076923076923
29 0.42908653846153844 0.4735576923076923 0.10817307692307693 0.09134615384615384
5 0.7475961538461539 0.22956730769230768 0.09615384615384616 0.07451923076923077
5 0.8112980769230769 0.5240384615384616 0.09375 0.07211538461538461
21 0.7524038461538461 0.6370192307692307 0.11057692307692307 0.08173076923076923
17 0.38341346153846156 0.578125 0.10817307692307693 0.09375
13 0.2800480769230769 0.3954326923076923 0.09375 0.08413461538461539
33 0.484375 0.3701923076923077 0.11298076923076923 0.08653846153846154
21 0.8822115384615384 0.29447115384615385 0.07692307692307693 0.10817307692307693
21 0.6237980769230769 0.2980769230769231 0.07932692307692307 0.11057692307692307