20 0.9723557692307693 0.18629807692307693 0.055288461538461536 0.021634615384615384
8 0.3088942307692308 0.19831730769230768 0.07451923076923077 0.04567307692307692
8 0.13942307692307693 0.20432692307692307 0.08653846153846154 0.04326923076923077
12 0.14302884615384615 0.296875 0.09375 0.06490384615384616
16 0.3615624999999999 0.35966346153846157 0.07692307692307693 0.06973031850961539
35 0.96875 0.4254807692307692 0.0625 0.09615384615384616
20 0.1622596153846154 0.4254807692307692 0.06971153846153846 0.08173076923076923
20 0.29447115384615385 0.5336538461538461 0.06490384615384616 0.08173076923076923
28 0.7944711538461539 0.5552884615384616 0.0985576923076923 0.0673076923076923
16 0.10336538461538461 0.5552884615384616 0.0673076923076923 0.07692307692307693
12 0.8653846153846154 0.6382211538461539 0.08653846153846154 0.08413461538461539
12 0.7139423076923077 0.6502403846153846 0.10096153846153846 0.04567307692307692
4 0.875 0.7331730769230769 0.0673076923076923 0.0673076923076923
8 0.3473557692307692 0.7596153846153846 0.05048076923076923 0.08653846153846154
35 0.5865384615384616 0.7752403846153846 0.08653846153846154 0.0889423076923077
12 0.2776442307692308 0.8004807692307693 0.07932692307692307 0.04807692307692308
4 0.8653846153846154 0.8221153846153846 0.0673076923076923 0.004807692307692308