12 0.5360576923076923 0.19831730769230768 0.057692307692307696 0.04567307692307692
8 0.9230769230769231 0.19831730769230768 0.07211538461538461 0.04567307692307692
16 0.40384615384615385 0.21394230769230768 0.07211538461538461 0.07692307692307693
28 0.2848557692307692 0.22596153846153846 0.06490384615384616 0.09615384615384616
28 0.8485576923076923 0.26322115384615385 0.07211538461538461 0.0889423076923077
35 0.9134615384615384 0.3557692307692308 0.08653846153846154 0.07692307692307693
32 0.8040865384615384 0.3894230769230769 0.09375 0.052884615384615384
12 0.5985576923076923 0.3918269230769231 0.09134615384615384 0.0625
35 0.6995192307692307 0.4362980769230769 0.08173076923076923 0.0889423076923077
24 0.8305288461538461 0.4891826923076923 0.06971153846153846 0.08413461538461539
28 0.13581730769230768 0.4891826923076923 0.08413461538461539 0.08413461538461539
8 0.12533653846153842 0.6850240384615385 0.05769719050480771 0.08173753004807693