14 0.9411057692307693 0.1875 0.06009615384615385 0.02403846153846154
10 0.7139423076923077 0.27524038461538464 0.057692307692307696 0.06971153846153846
26 0.17427884615384615 0.35697115384615385 0.06009615384615385 0.06009615384615385
18 0.9807692307692307 0.3581730769230769 0.038461538461538464 0.0673076923076923
10 0.3545673076923077 0.4074519230769231 0.055288461538461536 0.06490384615384616
30 0.6875 0.42908653846153844 0.052884615384615384 0.07451923076923077
22 0.8413461538461539 0.4375 0.09134615384615384 0.0673076923076923
6 0.4855769230769231 0.4423076923076923 0.07211538461538461 0.07692307692307693
30 0.08774038461538461 0.5180288461538461 0.07451923076923077 0.05048076923076923
30 0.38461538461538464 0.5961538461538461 0.052884615384615384 0.07692307692307693
26 0.9699519230769231 0.6742788461538461 0.055288461538461536 0.06490384615384616
22 0.14302884615384615 0.6826923076923077 0.0985576923076923 0.07211538461538461
18 0.8413461538461539 0.6862980769230769 0.0625 0.0673076923076923
26 0.3545673076923077 0.7584134615384616 0.055288461538461536 0.06009615384615385
14 0.13341346153846154 0.7980769230769231 0.06009615384615385 0.052884615384615384