32 0.3605769230769231 0.18028846153846154 0.0625 0.009615384615384616
35 0.49399038461538464 0.27403846153846156 0.09375 0.09134615384615384
24 0.4375 0.3401442307692308 0.07692307692307693 0.08413461538461539
16 0.43228365384615397 0.4502884615384615 0.0745105919471154 0.07691406250000007
35 0.38461538461538464 0.5204326923076923 0.09134615384615384 0.0889423076923077
32 0.09495192307692307 0.5264423076923077 0.06490384615384616 0.09134615384615384
8 0.734375 0.5588942307692307 0.05048076923076923 0.08413461538461539
20 0.9483173076923077 0.5733173076923077 0.06490384615384616 0.07451923076923077
28 0.34889423076923076 0.5874038461538462 0.09375375600961536 0.07691406250000007
24 0.5793269230769231 0.6033653846153846 0.08653846153846154 0.0625
20 0.12879807692307702 0.6270432692307693 0.07449969951923076 0.06249624399038467
24 0.2439903846153846 0.6274038461538461 0.08413461538461539 0.07211538461538461
12 0.0673076923076923 0.7019230769230769 0.09134615384615384 0.057692307692307696
24 0.9663461538461539 0.75 0.057692307692307696 0.08653846153846154
8 0.05048076923076923 0.7992788461538461 0.038461538461538464 0.05048076923076923