16 0.23798076923076922 0.18629807692307693 0.07692307692307693 0.021634615384615384
28 0.9759615384615384 0.21394230769230768 0.04807692307692308 0.07692307692307693
35 0.39783653846153844 0.21514423076923078 0.08413461538461539 0.07932692307692307
12 0.2930288461538461 0.24117788461538472 0.0817044771634615 0.07453012319711541
20 0.5192307692307693 0.24879807692307693 0.07692307692307693 0.06971153846153846
28 0.4014423076923077 0.32091346153846156 0.07211538461538461 0.0889423076923077
12 0.6382211538461539 0.34375 0.09375 0.04807692307692308
24 0.8004807692307693 0.36538461538461536 0.07211538461538461 0.09134615384615384
24 0.3125 0.3713942307692308 0.08653846153846154 0.06490384615384616
16 0.703125 0.47836538461538464 0.07451923076923077 0.07211538461538461
12 0.5745192307692307 0.48197115384615385 0.08173076923076923 0.07932692307692307
32 0.45072115384615385 0.5048076923076923 0.09375 0.057692307692307696
20 0.5877403846153846 0.5721153846153846 0.06971153846153846 0.07692307692307693