29 0.6622596153846154 0.2536057692307692 0.09375 0.0985576923076923
25 0.06490384615384616 0.6814903846153846 0.11057692307692307 0.09375
29 0.26802884615384615 0.5048076923076923 0.10336538461538461 0.09134615384615384
13 0.6850961538461539 0.59375 0.10576923076923077 0.07692307692307693
29 0.765625 0.328125 0.10817307692307693 0.08413461538461539
17 0.9110576923076923 0.32091346153846156 0.10096153846153846 0.09375
9 0.9867788461538461 0.43028846153846156 0.026442307692307692 0.09615384615384616
5 0.5697115384615384 0.3389423076923077 0.09615384615384616 0.08173076923076923
5 0.9038461538461539 0.2091346153846154 0.08173076923076923 0.0673076923076923
21 0.6201923076923077 0.5012019230769231 0.11057692307692307 0.0889423076923077
9 0.390625 0.5360576923076923 0.0889423076923077 0.0673076923076923
33 0.7067307692307693 0.1814903846153846 0.07211538461538461 0.01201923076923077