28 0.8245192307692307 0.18629807692307693 0.08653846153846154 0.021634615384615384
16 0.15745192307692307 0.18870192307692307 0.06490384615384616 0.026442307692307692
24 0.026442307692307692 0.20793269230769232 0.052884615384615384 0.06490384615384616
16 0.43149038461538464 0.21634615384615385 0.07451923076923077 0.0625
8 0.9278846153846154 0.24759615384615385 0.052884615384615384 0.08173076923076923
24 0.18509615384615385 0.2800480769230769 0.08653846153846154 0.07451923076923077
35 0.765625 0.31971153846153844 0.08413461538461539 0.07692307692307693
35 0.5889423076923077 0.39783653846153844 0.08173076923076923 0.0889423076923077
4 0.39783653846153844 0.40625 0.06490384615384616 0.0673076923076923
28 0.12860576923076922 0.421875 0.08413461538461539 0.07932692307692307
32 0.9507211538461539 0.4543269230769231 0.06490384615384616 0.09615384615384616
4 0.265625 0.5649038461538461 0.06490384615384616 0.0673076923076923
35 0.015625 0.5697115384615384 0.03125 0.08653846153846154
20 0.7007211538461539 0.6274038461538461 0.07451923076923077 0.07211538461538461
20 0.15745192307692307 0.6790865384615384 0.06490384615384616 0.07451923076923077
12 0.38100961538461536 0.7512019230769231 0.09375 0.04567307692307692