12 0.5769230769230769 0.5961538461538461 0.09134615384615384 0.04807692307692308
28 0.13341346153846154 0.41346153846153844 0.09375 0.07211538461538461
32 0.4831730769230769 0.8112980769230769 0.057692307692307696 0.026442307692307692
8 0.6634615384615384 0.36899038461538464 0.07692307692307693 0.06971153846153846
4 0.39903846153846156 0.33533653846153844 0.0673076923076923 0.06490384615384616
16 0.5420673076923077 0.4026442307692308 0.07451923076923077 0.07451923076923077
24 0.7259615384615384 0.23557692307692307 0.08173076923076923 0.08173076923076923
16 0.43149038461538464 0.43149038461538464 0.07451923076923077 0.07451923076923077
8 0.6706730769230769 0.5384615384615384 0.08173076923076923 0.0625
35 0.12740384615384615 0.5240384615384616 0.08653846153846154 0.08173076923076923
24 0.6201923076923077 0.19951923076923078 0.08653846153846154 0.04807692307692308
20 0.3016826923076923 0.5396634615384616 0.07451923076923077 0.06971153846153846
4 0.9783653846153846 0.7680288461538461 0.04326923076923077 0.06490384615384616
20 0.9663461538461539 0.5288461538461539 0.0673076923076923 0.0673076923076923
4 0.8653846153846154 0.5865384615384616 0.0625 0.0673076923076923
35 0.33774038461538464 0.7620192307692307 0.07932692307692307 0.08653846153846154