26 0.19230769230769232 0.3137019230769231 0.06727013221153846 0.0625
26 0.7271634615384616 0.38341346153846156 0.055288461538461536 0.06490384615384616
14 0.27884615384615385 0.4651442307692308 0.057692307692307696 0.06490384615384616
10 0.7884615384615384 0.5072115384615384 0.057692307692307696 0.07692307692307693
18 0.5504807692307693 0.5673076923076923 0.057692307692307696 0.0673076923076923
30 0.9038461538461539 0.5913461538461539 0.0673076923076923 0.052884615384615384
6 0.375 0.6045673076923077 0.07211538461538461 0.07451923076923077
26 0.23798076923076922 0.640625 0.06246243990384615 0.057692307692307696
30 0.8197115384615384 0.6850961538461539 0.052884615384615384 0.07692307692307693
22 0.3786057692307692 0.7235576923076923 0.09375 0.07211538461538461
22 0.8497596153846154 0.796875 0.0985576923076923 0.055288461538461536