14 0.9651442307692307 0.18389423076923078 0.05048076923076923 0.016826923076923076
22 0.2932692307692308 0.18870192307692307 0.08653846153846154 0.026442307692307692
14 0.4182692307692308 0.18870192307692307 0.057692307692307696 0.026442307692307692
30 0.8473557692307693 0.19471153846153846 0.06009615384615385 0.038461538461538464
18 0.7427884615384616 0.20192307692307693 0.057692307692307696 0.052884615384615384
10 0.12259615384615384 0.20673076923076922 0.04807692307692308 0.0625
26 0.34134615384615385 0.24158653846153846 0.052884615384615384 0.055288461538461536
30 0.4579326923076923 0.25841346153846156 0.06009615384615385 0.05048076923076923
30 0.6598557692307693 0.27283653846153844 0.04567307692307692 0.07451923076923077
26 0.22235576923076922 0.27403846153846156 0.05048076923076923 0.052884615384615384
6 0.9314903846153846 0.2800480769230769 0.06009615384615385 0.06971153846153846
18 0.5697115384615384 0.2956730769230769 0.052884615384615384 0.057692307692307696
18 0.7463942307692307 0.29927884615384615 0.052884615384615384 0.06971153846153846
10 0.8413461538461539 0.3016826923076923 0.0625 0.057692307692307696
22 0.0733173076923077 0.31009615384615385 0.07932692307692307 0.0673076923076923
6 0.28725961538461536 0.3485576923076923 0.0673076923076923 0.06253756009615384
26 0.5841346153846154 0.3713942307692308 0.052884615384615384 0.055288461538461536
14 0.796875 0.3870192307692308 0.05048076923076923 0.052884615384615384
22 0.18389423076923078 0.3870192307692308 0.06971153846153846 0.09615384615384616
10 0.06129807692307692 0.3942307692307692 0.0625 0.052884615384615384
18 0.2824519230769231 0.4230769230769231 0.055288461538461536 0.052884615384615384
30 0.6766826923076923 0.4326923076923077 0.05048076923076923 0.0673076923076923
6 0.5841346153846154 0.47716346153846156 0.06246243990384615 0.07451923076923077
22 0.06850961538461539 0.4807692307692308 0.08413461538461539 0.07211538461538461