20 0.4879807692307692 0.203125 0.07692307692307693 0.055288461538461536
20 0.02403846153846154 0.20432692307692307 0.04807692307692308 0.057692307692307696
12 0.5805288461538461 0.2247596153846154 0.09375 0.04567307692307692
20 0.6418269230769231 0.2980769230769231 0.07692307692307693 0.07692307692307693
35 0.5252403846153846 0.30528846153846156 0.0889423076923077 0.08653846153846154
32 0.171875 0.3245192307692308 0.06009615384615385 0.09615384615384616
16 0.8016826923076923 0.33774038461538464 0.06009615384615385 0.06971153846153846
24 0.055288461538461536 0.3894230769230769 0.08653846153846154 0.07211538461538461
8 0.6490384615384616 0.40865384615384615 0.07692307692307693 0.07211538461538461
8 0.4723557692307692 0.4723557692307692 0.055288461538461536 0.08413461538461539
16 0.6766826923076923 0.4987980769230769 0.07451923076923077 0.06971153846153846
12 0.84375 0.5697115384615384 0.04326923076923077 0.10576923076923077
32 0.9471153846153846 0.5889423076923077 0.08653846153846154 0.07692307692307693
35 0.7019230769230769 0.6899038461538461 0.07692307692307693 0.08653846153846154
24 0.3545673076923077 0.6995192307692307 0.06009615384615385 0.08653846153846154
35 0.5600961538461539 0.7367788461538461 0.08653846153846154 0.0889423076923077
12 0.6322115384615384 0.7992788461538461 0.09134615384615384 0.05048076923076923