8 0.16826923076923078 0.1971153846153846 0.08173076923076923 0.04326923076923077
12 0.8076923076923077 0.28966346153846156 0.038461538461538464 0.09375
8 0.6430288461538461 0.6298076923076923 0.08413461538461539 0.04326923076923077
32 0.9242788461538461 0.3088942307692308 0.07451923076923077 0.0889423076923077
16 0.8882211538461539 0.2091346153846154 0.06490384615384616 0.0673076923076923
16 0.9483173076923077 0.39783653846153844 0.07451923076923077 0.06971153846153846
24 0.8521634615384616 0.4963942307692308 0.0889423076923077 0.06009615384615385
12 0.49038461538461536 0.31009615384615385 0.09134615384615384 0.057692307692307696
28 0.6225961538461539 0.18269230769230768 0.09615384615384616 0.014423076923076924
28 0.8076923076923077 0.40384615384615385 0.0673076923076923 0.09615384615384616
16 0.05889423076923077 0.20432692307692307 0.06971153846153846 0.057692307692307696
20 0.02283653846153846 0.3557692307692308 0.04567307692307692 0.07692307692307693
24 0.4795673076923077 0.2127403846153846 0.06971153846153846 0.07451923076923077
35 0.5504807692307693 0.4519230769230769 0.08653846153846154 0.07692307692307693