14 0.5072115384615384 0.1778846153846154 0.052884615384615384 0.004807692307692308
30 0.6622596153846154 0.18990384615384615 0.05048076923076923 0.028846153846153848
26 0.7860576923076923 0.19110576923076922 0.057692307692307696 0.03125
26 0.21153846153846154 0.23798076923076922 0.057729867788461536 0.057692307692307696
10 0.6153846153846154 0.42427884615384615 0.0673076923076923 0.055288461538461536
30 0.3076923076923077 0.43149038461538464 0.04807692307692308 0.07932692307692307
10 0.7307692307692307 0.4735576923076923 0.0625 0.0673076923076923
18 0.5817307692307693 0.5168269230769231 0.0625 0.057692307692307696
30 0.030048076923076924 0.5697115384615384 0.06009615384615385 0.052884615384615384
26 0.15264423076923078 0.6117788461538461 0.057692307692307696 0.057692307692307696
10 0.5012019230769231 0.7151442307692307 0.06490384615384616 0.06009615384615385
22 0.6826923076923077 0.7632211538461539 0.10096153846153846 0.07932692307692307