24 0.3641826923076923 0.18269230769230768 0.08413461538461539 0.014423076923076924
12 0.6430288461538461 0.19471153846153846 0.055288461538461536 0.038461538461538464
16 0.75 0.19951923076923078 0.0625 0.04807692307692308
8 0.4795673076923077 0.21995192307692307 0.06971153846153846 0.07451923076923077
35 0.9086538461538461 0.22355769230769232 0.08653846153846154 0.09134615384615384
35 0.2848557692307692 0.23798076923076922 0.07451923076923077 0.08653846153846154
20 0.1875 0.26802884615384615 0.07692307692307693 0.06490384615384616
24 0.3762019230769231 0.26802884615384615 0.06971153846153846 0.0889423076923077
8 0.8545673076923077 0.35216346153846156 0.08413461538461539 0.040865384615384616
32 0.38341346153846156 0.390625 0.06490384615384616 0.0889423076923077
28 0.19831730769230768 0.3954326923076923 0.0889423076923077 0.06490384615384616
8 0.29882211538461523 0.4206490384615385 0.04086350661057695 0.08655160757211533
32 0.03365384615384615 0.4254807692307692 0.0673076923076923 0.09615384615384616
32 0.6983173076923077 0.46033653846153844 0.06490384615384616 0.09375
24 0.29447115384615385 0.5216346153846154 0.0889423076923077 0.0625
20 0.6225961538461539 0.5697115384615384 0.07692307692307693 0.0673076923076923
35 0.328125 0.5973557692307693 0.0889423076923077 0.07932692307692307
28 0.39783653846153844 0.6923076923076923 0.0889423076923077 0.07692307692307693
4 0.5432692307692307 0.7067307692307693 0.0625 0.0625
8 0.8569711538461539 0.7283653846153846 0.08413461538461539 0.038461538461538464
12 0.5348557692307693 0.7896634615384616 0.06490384615384616 0.06971153846153846
4 0.7211538461538461 0.8185096153846154 0.0625 0.01201923076923077