20 0.6778846153846154 0.30288461538461536 0.07692307692307693 0.07692307692307693
12 0.03245192307692308 0.328125 0.06490384615384616 0.08413461538461539
4 0.5961538461538461 0.3954326923076923 0.0673076923076923 0.06971153846153846
8 0.09254807692307693 0.41466346153846156 0.05048076923076923 0.0889423076923077
24 0.2247596153846154 0.41466346153846156 0.0889423076923077 0.06490384615384616
4 0.46153846153846156 0.41947115384615385 0.0673076923076923 0.06971153846153846
24 0.84375 0.4567307692307692 0.0625 0.08653846153846154
32 0.09141826923076916 0.5504567307692307 0.08173677884615384 0.09616774338942304
35 0.07572115384615384 0.6742788461538461 0.09375 0.09375
4 0.5132211538461539 0.7307692307692307 0.06490384615384616 0.0673076923076923
16 0.20552884615384615 0.7355769230769231 0.07451923076923077 0.07692307692307693
20 0.9603365384615384 0.7692307692307693 0.07932692307692307 0.07692307692307693
16 0.021634615384615384 0.7884615384615384 0.04326923076923077 0.07211538461538461
12 0.9074519230769231 0.8185096153846154 0.0985576923076923 0.01201923076923077