35 0.7908653846153846 0.19831730769230768 0.07692307692307693 0.04567307692307692
8 0.12336538461538474 0.34509615384615383 0.052890625 0.0841274789663461
20 0.9194711538461539 0.35216346153846156 0.07451923076923077 0.07932692307692307
35 0.8257211538461539 0.4206730769230769 0.0889423076923077 0.09134615384615384
4 0.20673076923076922 0.46033653846153844 0.0673076923076923 0.06490384615384616
35 0.8858173076923077 0.47475961538461536 0.0985576923076923 0.09375
24 0.6262019230769231 0.4879807692307692 0.08413461538461539 0.07211538461538461
28 0.515625 0.5120192307692307 0.0889423076923077 0.07211538461538461
8 0.7764423076923077 0.5336538461538461 0.04326923076923077 0.08653846153846154
8 0.1045673076923077 0.5432692307692307 0.06971153846153846 0.07692307692307693
12 0.33653846153846156 0.5480769230769231 0.0673076923076923 0.09134615384615384
16 0.6533653846153845 0.5760096153846154 0.07452185997596153 0.07692495492788459
24 0.8569711538461539 0.6009615384615384 0.07451923076923077 0.08653846153846154
4 0.9603365384615384 0.6225961538461539 0.06490384615384616 0.0673076923076923
8 0.6862980769230769 0.6514423076923077 0.07451923076923077 0.07211538461538461
32 0.5757211538461539 0.6526442307692307 0.08413461538461539 0.08413461538461539
28 0.4338942307692308 0.7055288461538461 0.07932692307692307 0.09375
32 0.20793269230769232 0.7079326923076923 0.07451923076923077 0.0889423076923077
4 0.32572115384615385 0.7319711538461539 0.06490384615384616 0.06490384615384616
16 0.11899038461538461 0.7596153846153846 0.06009615384615385 0.07211538461538461
16 0.23798076923076922 0.7980769230769231 0.07692307692307693 0.052884615384615384
28 0.9759615384615384 0.8149038461538461 0.04807692307692308 0.019230769230769232