33 0.5649038461538461 0.41586538461538464 0.07692307692307693 0.10576923076923077
21 0.0889423076923077 0.4182692307692308 0.11057692307692307 0.07211538461538461
5 0.9435096153846154 0.46153846153846156 0.08413461538461539 0.07211538461538461
9 0.4509615384615385 0.4675480769230769 0.07692307692307693 0.07932692307692307
17 0.7415865384615384 0.46875 0.10817307692307693 0.08653846153846154
17 0.33413461538461536 0.5396634615384616 0.07211538461538461 0.10817307692307693
25 0.4987980769230769 0.5949519230769231 0.11298076923076923 0.10336538461538461
29 0.0733173076923077 0.6802884615384616 0.07932692307692307 0.11057692307692307
29 0.5024038461538461 0.6935096153846154 0.11057692307692307 0.0889423076923077
5 0.47115384615384615 0.3088942307692308 0.0673076923076923 0.0889423076923077
21 0.2668269230769231 0.3233173076923077 0.11057692307692307 0.07451923076923077