32 0.43028846153846156 0.5492788461538461 0.07692307692307693 0.09375
28 0.6923076923076923 0.18990384615384615 0.07211538461538461 0.028846153846153848
16 0.6009615384615384 0.45552884615384615 0.0673076923076923 0.07451923076923077
20 0.8185096153846154 0.23197115384615385 0.07451923076923077 0.07451923076923077
12 0.5192307692307693 0.49038461538461536 0.08173076923076923 0.07692307692307693
20 0.07932692307692307 0.33533653846153844 0.07211538461538461 0.07451923076923077
20 0.33774038461538464 0.5961538461538461 0.07451923076923077 0.07692307692307693
4 0.9819711538461539 0.5733173076923077 0.036057692307692304 0.06490384615384616
8 0.6935096153846154 0.671875 0.07932692307692307 0.06971153846153846
32 0.25841346153846156 0.2932692307692308 0.0985576923076923 0.057692307692307696
4 0.8737980769230769 0.5661057692307693 0.06490384615384616 0.06971153846153846