8 0.8016826923076923 0.24278846153846154 0.055288461538461536 0.08173076923076923
16 0.22956730769230768 0.24519230769230768 0.06490384615384616 0.07211538461538461
8 0.9362980769230769 0.2764423076923077 0.07932692307692307 0.04807692307692308
4 0.49038461538461536 0.28725961538461536 0.0673076923076923 0.06490384615384616
4 0.32572115384615385 0.2920673076923077 0.06490384615384616 0.06490384615384616
16 0.84375 0.3485576923076923 0.07692307692307693 0.07211538461538461
20 0.38213942307692317 0.3987019230769231 0.06732234074519229 0.0817195012019231
32 0.2439903846153846 0.43028846153846156 0.09375 0.057692307692307696
24 0.056490384615384616 0.4735576923076923 0.08413461538461539 0.08173076923076923
20 0.8810096153846154 0.5240384615384616 0.06009615384615385 0.0673076923076923
32 0.5192307692307693 0.5612980769230769 0.08173076923076923 0.0889423076923077
12 0.7788461538461539 0.5817307692307693 0.09615384615384616 0.052884615384615384
20 0.45072115384615385 0.6201923076923077 0.07451923076923077 0.07692307692307693
28 0.6466346153846154 0.6670673076923077 0.09134615384615384 0.06490384615384616
12 0.051682692307692304 0.6911057692307693 0.09375 0.07451923076923077
32 0.17427884615384615 0.7680288461538461 0.06009615384615385 0.09375
20 0.07932692307692307 0.7896634615384616 0.07211538461538461 0.06971153846153846