24 0.9747596153846154 0.203125 0.05048076923076923 0.055288461538461536
32 0.1875 0.2536057692307692 0.09134615384615384 0.07932692307692307
32 0.7932692307692307 0.43509615384615385 0.09615384615384616 0.057692307692307696
32 0.1502403846153846 0.47836538461538464 0.06971153846153846 0.09615384615384616
20 0.2620192307692308 0.4951923076923077 0.07211538461538461 0.07692307692307693
20 0.8521634615384616 0.6201923076923077 0.06971153846153846 0.07692307692307693
8 0.9471153846153846 0.6225961538461539 0.057692307692307696 0.08173076923076923
24 0.22716346153846154 0.6310096153846154 0.08413461538461539 0.08413461538461539
8 0.7680288461538461 0.6502403846153846 0.055288461538461536 0.08413461538461539
4 0.18269230769230768 0.7331730769230769 0.0625 0.0673076923076923
16 0.3293269230769231 0.7644230769230769 0.0625 0.07211538461538461
35 0.4651442307692308 0.796875 0.0889423076923077 0.055288461538461536
28 0.8978365384615384 0.8112980769230769 0.0889423076923077 0.026442307692307692
20 0.7860576923076923 0.8233173076923077 0.07692307692307693 0.002403846153846154