30 0.640625 0.25600961538461536 0.04567307692307692 0.06971153846153846
6 0.5384615384615384 0.25600961538461536 0.052884615384615384 0.06490384615384616
10 0.6033653846153846 0.3557692307692308 0.04807692307692308 0.0625
26 0.4519230769230769 0.36658653846153844 0.052884615384615384 0.055288461538461536
26 0.3545673076923077 0.4182692307692308 0.05048076923076923 0.052884615384615384
18 0.8545673076923077 0.45072115384615385 0.05048076923076923 0.06009615384615385
10 0.6442307692307693 0.4579326923076923 0.057692307692307696 0.055288461538461536
22 0.49038461538461536 0.5108173076923077 0.09134615384615384 0.07932692307692307
14 0.18509615384615385 0.5793269230769231 0.052884615384615384 0.052884615384615384
30 0.6334134615384616 0.609375 0.04567307692307692 0.07451923076923077
26 0.09735576923076923 0.6682692307692307 0.055288461538461536 0.052884615384615384
6 0.3485576923076923 0.8197115384615384 0.0673076923076923 0.009615384615384616