21 0.9639423076923077 0.22355769230769232 0.07211538461538461 0.09615384615384616
36 0.25961538461538464 0.3737980769230769 0.08173076923076923 0.11298076923076923
5 0.2704326923076923 0.484375 0.08413461538461539 0.06490384615384616
29 0.9663461538461539 0.5060096153846154 0.0673076923076923 0.10336538461538461
17 0.9230769230769231 0.5829326923076923 0.08653846153846154 0.10817307692307693
9 0.2933413461538461 0.5879086538461539 0.028857046274038494 0.09856182391826926
21 0.17427884615384615 0.6069711538461539 0.11778846153846154 0.0889423076923077
5 0.49399038461538464 0.6117788461538461 0.06971153846153846 0.0889423076923077
36 0.3641826923076923 0.7115384615384616 0.11298076923076923 0.10096153846153846
36 0.1814903846153846 0.7487980769230769 0.10336538461538461 0.11778846153846154
9 0.3581730769230769 0.8125 0.052884615384615384 0.02403846153846154