33 0.203125 0.1971153846153846 0.11298076923076923 0.04326923076923077
33 0.5372596153846154 0.20552884615384615 0.0985576923076923 0.06009615384615385
36 0.8882211538461539 0.22115384615384615 0.11778846153846154 0.08653846153846154
9 0.7103365384615384 0.25 0.0889423076923077 0.07211538461538461
5 0.984375 0.3004807692307692 0.03125 0.07211538461538461
13 0.9543269230769231 0.4579326923076923 0.09134615384615384 0.06971153846153846
33 0.020432692307692308 0.46274038461538464 0.040865384615384616 0.08413461538461539
17 0.7463942307692307 0.5372596153846154 0.10336538461538461 0.10817307692307693
29 0.3076923076923077 0.6394230769230769 0.07211538461538461 0.11057692307692307
29 0.8161057692307693 0.6490384615384616 0.11298076923076923 0.08653846153846154
21 0.6021634615384616 0.6754807692307693 0.10336538461538461 0.10096153846153846