24 0.1466346153846154 0.19230769230769232 0.08653846153846154 0.03365384615384615
32 0.6538461538461539 0.203125 0.09134615384615384 0.055288461538461536
35 0.5108173076923077 0.21514423076923078 0.0889423076923077 0.07932692307692307
8 0.2548076923076923 0.2704326923076923 0.0673076923076923 0.07932692307692307
8 0.6454326923076923 0.29447115384615385 0.07451923076923077 0.06490384615384616
32 0.47716346153846156 0.30528846153846156 0.0889423076923077 0.08173076923076923
12 0.7439903846153846 0.33052884615384615 0.06009615384615385 0.0985576923076923
20 0.3641826923076923 0.33413461538461536 0.07932692307692307 0.07211538461538461
24 0.59375 0.3545673076923077 0.08653846153846154 0.08413461538461539
28 0.4987980769230769 0.41466346153846156 0.0985576923076923 0.07451923076923077
24 0.39903846153846156 0.44350961538461536 0.0673076923076923 0.08413461538461539
28 0.7259615384615384 0.4987980769230769 0.09615384615384616 0.06971153846153846
20 0.6165865384615384 0.5048076923076923 0.06971153846153846 0.07692307692307693
12 0.6586538461538461 0.6081730769230769 0.0673076923076923 0.09134615384615384