28 0.96875 0.37740384615384615 0.0625 0.09134615384615384
28 0.1814903846153846 0.5817307692307693 0.06490384615384616 0.09615384615384616
12 0.7163461538461539 0.34615384615384615 0.07211538461538461 0.08653846153846154
12 0.021634615384615384 0.640625 0.04326923076923077 0.06490384615384616
12 0.15384615384615385 0.6706730769230769 0.09615384615384616 0.052884615384615384
16 0.6646634615384616 0.8076923076923077 0.07451923076923077 0.03365384615384615
32 0.14783653846153846 0.7716346153846154 0.06009615384615385 0.09134615384615384
12 0.2403846153846154 0.7355769230769231 0.0673076923076923 0.09134615384615384
8 0.24278846153846154 0.37259615384615385 0.08173076923076923 0.0673076923076923
28 0.6201923076923077 0.7079326923076923 0.09134615384615384 0.06490384615384616
35 0.07211538461538461 0.5865384615384616 0.08653846153846154 0.08173076923076923
24 0.36658653846153844 0.49158653846153844 0.07932692307692307 0.07451923076923077
8 0.2668269230769231 0.23677884615384615 0.07692307692307693 0.06971153846153846
24 0.12139423076923077 0.3894230769230769 0.07451923076923077 0.08653846153846154
24 0.8822115384615384 0.6237980769230769 0.07692307692307693 0.08413461538461539
8 0.671875 0.18389423076923078 0.07932692307692307 0.016826923076923076
20 0.9483173076923077 0.5588942307692307 0.06971153846153846 0.07451923076923077
35 0.6514423076923077 0.27163461538461536 0.09134615384615384 0.08653846153846154
35 0.6706730769230769 0.6009615384615384 0.08653846153846154 0.08173076923076923
35 0.3858173076923077 0.6298076923076923 0.0889423076923077 0.07692307692307693