12 0.65625 0.4338942307692308 0.09615384615384616 0.04567307692307692
8 0.21033653846153846 0.25841346153846156 0.040865384615384616 0.0889423076923077
24 0.890625 0.7944711538461539 0.06490384615384616 0.06009615384615385
32 0.8365384615384616 0.3125 0.07211538461538461 0.09134615384615384
28 0.2692307692307692 0.4254807692307692 0.08653846153846154 0.07211538461538461
28 0.7944711538461539 0.7944711538461539 0.09375 0.06009615384615385
12 0.03485576923076923 0.6081730769230769 0.06971153846153846 0.09134615384615384
4 0.052884615384615384 0.5120192307692307 0.0673076923076923 0.0673076923076923
16 0.43028846153846156 0.4807692307692308 0.07211538461538461 0.0673076923076923
20 0.38461538461538464 0.38341346153846156 0.07692307692307693 0.06971153846153846
4 0.019230769230769232 0.19471153846153846 0.038461538461538464 0.038461538461538464
35 0.7439903846153846 0.37740384615384615 0.08413461538461539 0.08653846153846154
35 0.7259615384615384 0.6502403846153846 0.07692307692307693 0.08413461538461539
32 0.8365384615384616 0.5408653846153846 0.07692307692307693 0.08653846153846154
4 0.11658653846153846 0.6141826923076923 0.06490384615384616 0.06490384615384616
35 0.2932692307692308 0.3125 0.07692307692307693 0.08173076923076923
20 0.59375 0.7391826923076923 0.07211538461538461 0.07451923076923077
16 0.5889423076923077 0.5625 0.07211538461538461 0.07211538461538461