26 0.08413461538461539 0.18509615384615385 0.052884615384615384 0.019230769230769232
22 0.44591346153846156 0.20552884615384615 0.0889423076923077 0.06009615384615385
14 0.5625 0.22596153846153846 0.052884615384615384 0.057692307692307696
18 0.4375 0.3173076923076923 0.052884615384615384 0.052884615384615384
26 0.5661057692307693 0.3737980769230769 0.05048076923076923 0.055288461538461536
6 0.02403846153846154 0.5276442307692307 0.04807692307692308 0.06971153846153846
10 0.18870192307692307 0.5673076923076923 0.055288461538461536 0.06727013221153846
6 0.6778846153846154 0.5829326923076923 0.0625 0.055288461538461536
26 0.9158653846153846 0.6430288461538461 0.052884615384615384 0.05048076923076923
10 0.3173076923076923 0.7043269230769231 0.052884615384615384 0.0625
22 0.4723557692307692 0.8004807692307693 0.0889423076923077 0.04807692307692308