8 0.5516826923076923 0.46274038461538464 0.08413461538461539 0.05048076923076923
12 0.19110576923076922 0.7896634615384616 0.05048076923076923 0.06971153846153846
28 0.5757211538461539 0.6117788461538461 0.09375 0.07932692307692307
28 0.2704326923076923 0.6899038461538461 0.06490384615384616 0.09615384615384616
16 0.6334134615384616 0.5288461538461539 0.07451923076923077 0.0673076923076923
24 0.7896634615384616 0.35216346153846156 0.0889423076923077 0.055288461538461536
28 0.38461538461538464 0.484375 0.09615384615384616 0.06971153846153846
32 0.47115384615384615 0.2608173076923077 0.09134615384615384 0.07932692307692307
8 0.5649038461538461 0.36177884615384615 0.07692307692307693 0.06490384615384616
24 0.020432692307692308 0.8004807692307693 0.040865384615384616 0.04807692307692308
24 0.8293269230769231 0.46274038461538464 0.0625 0.0889423076923077
32 0.3161057692307692 0.8100961538461539 0.06490384615384616 0.028846153846153848
20 0.5 0.8137019230769231 0.07211538461538461 0.021634615384615384
16 0.7788461538461539 0.2548076923076923 0.057692307692307696 0.07211538461538461
35 0.7127403846153846 0.8052884615384616 0.07932692307692307 0.038461538461538464
16 0.09495192307692307 0.37740384615384615 0.06009615384615385 0.07211538461538461
16 0.8149038461538461 0.8088942307692307 0.07692307692307693 0.03125
24 0.15264423076923078 0.7055288461538461 0.08413461538461539 0.07451923076923077
32 0.47836538461538464 0.5516826923076923 0.08173076923076923 0.08413461538461539
20 0.8076923076923077 0.609375 0.07211538461538461 0.07451923076923077
35 0.6802884615384616 0.28725961538461536 0.08653846153846154 0.0889423076923077