30 0.8762019230769231 0.1971153846153846 0.04567307692307692 0.04326923076923077
26 0.7956730769230769 0.1971153846153846 0.04807692307692308 0.04326923076923077
10 0.7175480769230769 0.20552884615384615 0.055288461538461536 0.06009615384615385
30 0.6334134615384616 0.2091346153846154 0.05048076923076923 0.0673076923076923
26 0.5625 0.24519230769230768 0.04807692307692308 0.057692307692307696
14 0.4831730769230769 0.26322115384615385 0.052884615384615384 0.06490384615384616
30 0.4050480769230769 0.2764423076923077 0.04567307692307692 0.07692307692307693
30 0.3245192307692308 0.29086538461538464 0.04326923076923077 0.07692307692307693
18 0.25240384615384615 0.3125 0.04807692307692308 0.0625
14 0.17427884615384615 0.34134615384615385 0.05048076923076923 0.057692307692307696
6 0.8557692307692307 0.734375 0.057692307692307696 0.06971153846153846
22 0.45913461538461536 0.7403846153846154 0.057692307692307696 0.08173076923076923
18 0.7752403846153846 0.7415865384615384 0.05048076923076923 0.06009615384615385
6 0.6153846153846154 0.7415865384615384 0.052884615384615384 0.06971153846153846
18 0.6995192307692307 0.7427884615384616 0.04807692307692308 0.057692307692307696
26 0.5384615384615384 0.7427884615384616 0.04807692307692308 0.057692307692307696