26 0.9230769230769231 0.17668269230769232 0.052884615384615384 0.002403846153846154
6 0.6778846153846154 0.2512019230769231 0.0625 0.06490384615384616
30 0.1658653846153846 0.27403846153846156 0.04807692307692308 0.0673076923076923
30 0.44471153846153844 0.3701923076923077 0.04326923076923077 0.07692307692307693
18 0.5769230769230769 0.3762019230769231 0.04807692307692308 0.055288461538461536
10 0.26802884615384615 0.39903846153846156 0.055288461538461536 0.0625
6 0.16105769230769232 0.45072115384615385 0.0673076923076923 0.06009615384615385
26 0.4266826923076923 0.4951923076923077 0.05048076923076923 0.057692307692307696
22 0.265625 0.5216346153846154 0.07451923076923077 0.09615384615384616
10 0.6286057692307693 0.5504807692307693 0.06009615384615385 0.052884615384615384
22 0.24639423076923078 0.6189903846153846 0.08653846153846154 0.07451923076923077