12 0.6177884615384616 0.36778846153846156 0.0673076923076923 0.09134615384615384
28 0.12379807692307693 0.7620192307692307 0.08413461538461539 0.08173076923076923
16 0.4266826923076923 0.6057692307692307 0.06971153846153846 0.0625
35 0.96875 0.3137019230769231 0.0625 0.0889423076923077
24 0.36538461538461536 0.7139423076923077 0.08653846153846154 0.07211538461538461
16 0.016826923076923076 0.34975961538461536 0.03365384615384615 0.07932692307692307
4 0.6201923076923077 0.5 0.0625 0.0625
4 0.5108173076923077 0.2704326923076923 0.06490384615384616 0.06490384615384616
28 0.5805288461538461 0.1814903846153846 0.0985576923076923 0.01201923076923077
20 0.9050480769230769 0.43149038461538464 0.07932692307692307 0.06971153846153846
32 0.7259615384615384 0.5240384615384616 0.057692307692307696 0.09134615384615384
20 0.7175480769230769 0.21033653846153846 0.07451923076923077 0.06971153846153846
35 0.16105769230769232 0.36658653846153844 0.08173076923076923 0.07451923076923077
35 0.13341346153846154 0.23677884615384615 0.0889423076923077 0.07932692307692307
35 0.26802884615384615 0.3401442307692308 0.07932692307692307 0.08413461538461539