8 0.39302884615384615 0.47836538461538464 0.08413461538461539 0.04326923076923077
8 0.33774038461538464 0.6454326923076923 0.040865384615384616 0.0889423076923077
28 0.8413461538461539 0.5408653846153846 0.08173076923076923 0.08653846153846154
24 0.18509615384615385 0.43990384615384615 0.0625 0.09134615384615384
28 0.1875 0.6658653846153846 0.09615384615384616 0.07692307692307693
16 0.2848557692307692 0.546875 0.07932692307692307 0.06971153846153846
16 0.6790865384615384 0.43990384615384615 0.06971153846153846 0.057692307692307696
24 0.2548076923076923 0.2956730769230769 0.08653846153846154 0.057692307692307696
32 0.578125 0.23798076923076922 0.08413461538461539 0.08653846153846154
32 0.4266826923076923 0.26802884615384615 0.06971153846153846 0.09375
32 0.796875 0.4639423076923077 0.08413461538461539 0.08653846153846154
35 0.10576923076923077 0.7403846153846154 0.08653846153846154 0.08653846153846154
20 0.9278846153846154 0.3798076923076923 0.0673076923076923 0.07692307692307693
20 0.010817307692307692 0.7596153846153846 0.021634615384615384 0.07211538461538461
35 0.3076923076923077 0.8004807692307693 0.08653846153846154 0.04807692307692308