12 0.7704326923076923 0.27524038461538464 0.040865384615384616 0.0985576923076923
12 0.11298076923076923 0.18629807692307693 0.09615384615384616 0.021634615384615384
8 0.24519230769230768 0.7295673076923077 0.08653846153846154 0.04567307692307692
8 0.9567307692307693 0.43028846153846156 0.08653846153846154 0.057692307692307696
28 0.6081730769230769 0.3112980769230769 0.08173076923076923 0.07932692307692307
35 0.8713942307692307 0.24639423076923078 0.08413461538461539 0.0889423076923077
28 0.3894230769230769 0.20432692307692307 0.0673076923076923 0.057692307692307696
12 0.9002403846153846 0.3629807692307692 0.08413461538461539 0.07692307692307693
20 0.6129807692307693 0.4338942307692308 0.07211538461538461 0.07451923076923077
32 0.5144230769230769 0.19831730769230768 0.07211538461538461 0.04567307692307692
35 0.28725961538461536 0.2283653846153846 0.08413461538461539 0.07211538461538461