18 0.5961538461538461 0.49759615384615385 0.052884615384615384 0.052884615384615384
30 0.4579326923076923 0.5096153846153846 0.04567307692307692 0.0673076923076923
14 0.3605769230769231 0.5132211538461539 0.052884615384615384 0.05048076923076923
6 0.25721153846153844 0.5384615384615384 0.0673076923076923 0.06727013221153846
22 0.38822115384615385 0.5889423076923077 0.0889423076923077 0.08653846153846154
22 0.5324519230769231 0.5901442307692307 0.08413461538461539 0.09375
26 0.30649038461538464 0.6286057692307693 0.05048076923076923 0.055288461538461536
18 0.1778846153846154 0.6454326923076923 0.04807692307692308 0.06009615384615385
30 0.46153846153846156 0.6502403846153846 0.057692307692307696 0.055288461538461536
30 0.6153846153846154 0.6538461538461539 0.04807692307692308 0.057692307692307696
22 0.7079326923076923 0.7079326923076923 0.06490384615384616 0.0889423076923077
26 0.5144230769230769 0.7103365384615384 0.052884615384615384 0.055288461538461536
18 0.29086538461538464 0.7331730769230769 0.052884615384615384 0.052884615384615384
18 0.38822115384615385 0.7367788461538461 0.052884615384615384 0.055288461538461536
6 0.20072115384615385 0.7752403846153846 0.06009615384615385 0.06971153846153846
22 0.5408653846153846 0.7956730769230769 0.08173076923076923 0.057692307692307696
26 0.6550480769230769 0.8052884615384616 0.05048076923076923 0.038461538461538464
10 0.4170673076923077 0.8100961538461539 0.06009615384615385 0.028846153846153848
6 0.32211538461538464 0.8076923076923077 0.057692307692307696 0.03365384615384615