18 0.4230769230769231 0.53125 0.05765474759615385 0.05292217548076923
30 0.5408653846153846 0.5408653846153846 0.04807692307692308 0.0625
18 0.3317307692307692 0.5673076923076923 0.05765474759615385 0.05765474759615385
22 0.2403846153846154 0.5877403846153846 0.08653846153846154 0.07932692307692307
6 0.4639423076923077 0.5997596153846154 0.0625 0.06490384615384616
22 0.3858173076923077 0.6622596153846154 0.08173076923076923 0.0889423076923077
30 0.29927884615384615 0.6658653846153846 0.05048076923076923 0.06253756009615384
6 0.5024038461538461 0.6947115384615384 0.07207782451923077 0.057692307692307696
18 0.21754807692307693 0.7139423076923077 0.05048076923076923 0.052884615384615384
18 0.5973557692307693 0.7223557692307693 0.05048076923076923 0.0625
26 0.12259615384615384 0.7331730769230769 0.052884615384615384 0.057692307692307696
14 0.3557692307692308 0.7584134615384616 0.052884615384615384 0.06009615384615385
10 0.052884615384615384 0.7764423076923077 0.04807692307692308 0.057692307692307696
26 0.4543269230769231 0.7920673076923077 0.052884615384615384 0.055288461538461536
22 0.2824519230769231 0.7896634615384616 0.0889423076923077 0.06971153846153846
26 0.5456730769230769 0.8064903846153846 0.052884615384615384 0.036057692307692304