16 0.45913461538461536 0.38341346153846156 0.07211538461538461 0.06009615384615385
12 0.33353365384615385 0.38495192307692305 0.055277193509615415 0.09613393930288466
20 0.5685096153846154 0.39663461538461536 0.07451923076923077 0.0625
16 0.6658653846153846 0.4639423076923077 0.07211538461538461 0.057692307692307696
28 0.18389423076923078 0.4651442307692308 0.07451923076923077 0.09375
12 0.3918269230769231 0.4651442307692308 0.08653846153846154 0.06009615384615385
8 0.5564903846153846 0.484375 0.07932692307692307 0.04567307692307692
35 0.27283653846153844 0.48677884615384615 0.0889423076923077 0.08413461538461539
20 0.47221153846153857 0.5457211538461538 0.07452636718750008 0.08175105168269234
12 0.35923076923076935 0.5579086538461537 0.04085298978365378 0.0985516826923077
20 0.12740384615384615 0.5625 0.0625 0.07211538461538461
4 0.5877403846153846 0.5793269230769231 0.06490384615384616 0.0625
4 0.21033653846153846 0.5805288461538461 0.06490384615384616 0.06971153846153846
24 0.6706730769230769 0.6129807692307693 0.0673076923076923 0.09134615384615384
32 0.42908653846153844 0.6322115384615384 0.09375 0.07692307692307693
8 0.3112980769230769 0.6346153846153846 0.07451923076923077 0.0673076923076923
28 0.5420673076923077 0.6622596153846154 0.07451923076923077 0.09375
12 0.25600961538461536 0.6971153846153846 0.10336538461538461 0.04807692307692308
32 0.6346153846153846 0.7019230769230769 0.09615384615384616 0.0625
8 0.4026442307692308 0.7055288461538461 0.07451923076923077 0.055288461538461536
24 0.15144230769230768 0.7295673076923077 0.08173076923076923 0.08413461538461539
24 0.5036057692307693 0.7487980769230769 0.0889423076923077 0.06009615384615385
20 0.35096153846153844 0.7764423076923077 0.07692307692307693 0.07211538461538461
8 0.6105769230769231 0.7824519230769231 0.08173076923076923 0.05048076923076923
32 0.23557692307692307 0.7860576923076923 0.08653846153846154 0.07692307692307693
4 0.46875 0.8052884615384616 0.0673076923076923 0.038461538461538464
24 0.15625 0.8112980769230769 0.07692307692307693 0.026442307692307692
35 0.5721153846153846 0.8209134615384616 0.08653846153846154 0.007211538461538462