24 0.5432692307692307 0.17668269230769232 0.08173076923076923 0.002403846153846154
24 0.7536057692307693 0.21033653846153846 0.06490384615384616 0.06971153846153846
35 0.23798076923076922 0.2536057692307692 0.08653846153846154 0.07451923076923077
32 0.9795673076923077 0.3076923076923077 0.040865384615384616 0.09615384615384616
24 0.890625 0.32572115384615385 0.06490384615384616 0.0889423076923077
35 0.12860576923076922 0.375 0.08413461538461539 0.08653846153846154
12 0.7572115384615384 0.5336538461538461 0.07692307692307693 0.09134615384615384
32 0.8653846153846154 0.5540865384615384 0.057692307692307696 0.09375
4 0.30528846153846156 0.5552884615384616 0.0673076923076923 0.0625
20 0.09375 0.5576923076923077 0.0625 0.07692307692307693
35 0.4723557692307692 0.5793269230769231 0.0889423076923077 0.09134615384615384
28 0.5853365384615384 0.5793269230769231 0.0889423076923077 0.07211538461538461
20 0.203125 0.6105769230769231 0.07932692307692307 0.07692307692307693
12 0.03125 0.6646634615384616 0.0625 0.08413461538461539
16 0.6298076923076923 0.6694711538461539 0.07692307692307693 0.07451923076923077
12 0.3233173076923077 0.671875 0.06009615384615385 0.09375
35 0.3954326923076923 0.7331730769230769 0.08413461538461539 0.08653846153846154
16 0.546875 0.7548076923076923 0.07451923076923077 0.0625
8 0.8100961538461539 0.8052884615384616 0.04807692307692308 0.038461538461538464
28 0.28365384615384615 0.8100961538461539 0.08173076923076923 0.028846153846153848