22 0.28846153846153844 0.1935096153846154 0.07692307692307693 0.036057692307692304
14 0.6274038461538461 0.18870192307692307 0.04807692307692308 0.026442307692307692
18 0.7055288461538461 0.22596153846153846 0.052884615384615384 0.057729867788461536
26 0.23557692307692307 0.234375 0.052884615384615384 0.055288461538461536
18 0.46033653846153844 0.23557692307692307 0.05048076923076923 0.057692307692307696
10 0.5492788461538461 0.2536057692307692 0.055288461538461536 0.06490384615384616
26 0.37740384615384615 0.25961538461538464 0.05292217548076923 0.052884615384615384
14 0.3016826923076923 0.31971153846153844 0.055288461538461536 0.057692307692307696
26 0.6574519230769231 0.3317307692307692 0.05048076923076923 0.052884615384615384
6 0.4855769230769231 0.34615384615384615 0.057692307692307696 0.0673076923076923
18 0.38341346153846156 0.3701923076923077 0.055288461538461536 0.052884615384615384
14 0.5661057692307693 0.37259615384615385 0.05048076923076923 0.057692307692307696