12 0.6225961538461539 0.19471153846153846 0.0625 0.038461538461538464
28 0.5637019230769231 0.32091346153846156 0.06490384615384616 0.0985576923076923
8 0.5757211538461539 0.4266826923076923 0.0889423076923077 0.04567307692307692
32 0.6442307692307693 0.3137019230769231 0.0625 0.09375
28 0.4639423076923077 0.5612980769230769 0.07211538461538461 0.09375
12 0.7127403846153846 0.38822115384615385 0.06490384615384616 0.0889423076923077
28 0.5709134615384616 0.5360576923076923 0.0889423076923077 0.07692307692307693
24 0.24879807692307693 0.2920673076923077 0.06490384615384616 0.0889423076923077
4 0.8064903846153846 0.4026442307692308 0.06490384615384616 0.06971153846153846
35 0.8822115384615384 0.47475961538461536 0.09134615384615384 0.09375
4 0.8100961538461539 0.27524038461538464 0.0673076923076923 0.06971153846153846
4 0.6790865384615384 0.5108173076923077 0.06490384615384616 0.06971153846153846