4 0.5384615384615384 0.22956730769230768 0.0673076923076923 0.06490384615384616
12 0.390625 0.23557692307692307 0.0985576923076923 0.0625
28 0.04567307692307692 0.31971153846153844 0.09134615384615384 0.0673076923076923
24 0.32572115384615385 0.32211538461538464 0.08413461538461539 0.0673076923076923
35 0.6358173076923077 0.3245192307692308 0.07932692307692307 0.09134615384615384
28 0.5432692307692307 0.33653846153846156 0.07211538461538461 0.09615384615384616
12 0.4387019230769231 0.34134615384615385 0.0889423076923077 0.07692307692307693
24 0.8990384615384616 0.36658653846153844 0.07692307692307693 0.08413461538461539
8 0.46875 0.4579326923076923 0.04326923076923077 0.0889423076923077
32 0.9387019230769231 0.46274038461538464 0.07932692307692307 0.0889423076923077
16 0.6598557692307693 0.4735576923076923 0.07451923076923077 0.0625
24 0.7788461538461539 0.5072115384615384 0.08653846153846154 0.0625
28 0.8617788461538461 0.5793269230769231 0.07451923076923077 0.09615384615384616
32 0.5721153846153846 0.5949519230769231 0.08653846153846154 0.08413461538461539
35 0.9459134615384616 0.5985576923076923 0.0889423076923077 0.09134615384615384
8 0.6466346153846154 0.6358173076923077 0.07211538461538461 0.07932692307692307
8 0.9903846153846154 0.6658653846153846 0.019230769230769232 0.0625
24 0.8137019230769231 0.7079326923076923 0.06490384615384616 0.0889423076923077