13 0.07572115384615384 0.40384615384615385 0.06971153846153846 0.10096153846153846
29 0.5288461538461539 0.40802884615384616 0.10573880709134624 0.06731295072115383
25 0.30649038461538464 0.42427884615384615 0.10336538461538461 0.11778846153846154
17 0.8209134615384616 0.49038461538461536 0.10817307692307693 0.10576923076923077
25 0.49399038461538464 0.5228365384615384 0.11298076923076923 0.11298076923076923
13 0.6610576923076923 0.5661057692307693 0.07692307692307693 0.09375
33 0.19831730769230768 0.5685096153846154 0.07932692307692307 0.11298076923076923
36 0.33533653846153844 0.6538461538461539 0.11778846153846154 0.07692307692307693
17 0.7668269230769231 0.6622596153846154 0.11538461538461539 0.0889423076923077
17 0.04927884615384615 0.7956730769230769 0.0985576923076923 0.057692307692307696
5 0.9711538461538461 0.8221153846153846 0.057692307692307696 0.004807692307692308