28 0.12860576923076922 0.18509615384615385 0.06971153846153846 0.019230769230769232
24 0.6370192307692307 0.17908653846153846 0.09134615384615384 0.007211538461538462
28 0.013221153846153846 0.1935096153846154 0.026442307692307692 0.036057692307692304
20 0.5036057692307693 0.20192307692307693 0.07932692307692307 0.052884615384615384
32 0.6225961538461539 0.25961538461538464 0.0625 0.09615384615384616
16 0.1632211538461538 0.2821875 0.06971153846153846 0.05528921274038463
4 0.38221153846153844 0.328125 0.0625 0.06490384615384616
24 0.06850961538461539 0.3605769230769231 0.08413461538461539 0.07692307692307693
28 0.44591346153846156 0.4110576923076923 0.0985576923076923 0.0673076923076923
24 0.7439903846153846 0.42427884615384615 0.0889423076923077 0.06009615384615385
35 0.59375 0.42427884615384615 0.08653846153846154 0.0889423076923077
8 0.22235576923076922 0.46634615384615385 0.08413461538461539 0.052884615384615384
8 0.3233173076923077 0.5048076923076923 0.04567307692307692 0.09134615384615384
12 0.44591346153846156 0.5060096153846154 0.08413461538461539 0.07451923076923077
35 0.042067307692307696 0.5408653846153846 0.08413461538461539 0.08173076923076923
32 0.1875 0.5588942307692307 0.09134615384615384 0.06490384615384616
16 0.08653846153846154 0.6237980769230769 0.0625 0.07451923076923077
12 0.24158653846153846 0.6298076923076923 0.08413461538461539 0.0673076923076923
12 0.8028846153846154 0.6370192307692307 0.04326923076923077 0.10576923076923077
20 0.8581730769230769 0.6899038461538461 0.08173076923076923 0.07692307692307693
32 0.9699519230769231 0.6983173076923077 0.06009615384615385 0.07451923076923077
16 0.14182692307692307 0.7223557692307693 0.07211538461538461 0.06009615384615385
35 0.2439903846153846 0.7235576923076923 0.07932692307692307 0.08653846153846154
35 0.018028846153846152 0.7692307692307693 0.036057692307692304 0.09134615384615384
4 0.8197115384615384 0.7980769230769231 0.0673076923076923 0.052884615384615384
32 0.5600961538461539 0.8209134615384616 0.09615384615384616 0.007211538461538462