25 0.9867788461538461 0.17668269230769232 0.026442307692307692 0.002403846153846154
29 0.8834134615384616 0.18028846153846154 0.11298076923076923 0.009615384615384616
21 0.26802884615384615 0.22355769230769232 0.10336538461538461 0.09615384615384616
33 0.6081730769230769 0.25721153846153844 0.11057692307692307 0.08173076923076923
29 0.9759615384615384 0.2692307692307692 0.04807692307692308 0.07692307692307693
13 0.8389423076923077 0.29447115384615385 0.08173076923076923 0.0889423076923077
36 0.010817307692307692 0.3125 0.021634615384615384 0.11538461538461539
17 0.20192307692307693 0.37259615384615385 0.11538461538461539 0.09134615384615384
9 0.42788461538461536 0.375 0.11057692307692307 0.04807692307692308
9 0.24158653846153846 0.4807692307692308 0.05048076923076923 0.10096153846153846
21 0.3473557692307692 0.49158653846153844 0.07451923076923077 0.11298076923076923
36 0.49399038461538464 0.5492788461538461 0.10817307692307693 0.10817307692307693
17 0.6262019230769231 0.5745192307692307 0.10817307692307693 0.07692307692307693
17 0.3701923076923077 0.6189903846153846 0.10576923076923077 0.11778846153846154
33 0.22115384615384615 0.7079326923076923 0.09134615384615384 0.11298076923076923
5 0.03245192307692308 0.8125 0.06490384615384616 0.02403846153846154