6 0.8557692307692307 0.4362980769230769 0.057692307692307696 0.06971153846153846
22 0.421875 0.453125 0.06009615384615385 0.09375
26 0.021634615384615384 0.4567307692307692 0.04326923076923077 0.057692307692307696
18 0.11177884615384616 0.45913461538461536 0.055288461538461536 0.052884615384615384
30 0.22596153846153846 0.4987980769230769 0.0673076923076923 0.05048076923076923
26 0.33774038461538464 0.5540865384615384 0.055288461538461536 0.055288461538461536
22 0.028846153846153848 0.5612980769230769 0.057692307692307696 0.07932692307692307
26 0.8629807692307693 0.5769230769230769 0.052884615384615384 0.057692307692307696
14 0.1875 0.5793269230769231 0.052884615384615384 0.052884615384615384
30 0.9783653846153846 0.5853365384615384 0.04326923076923077 0.05048076923076923
18 0.7295673076923077 0.5901442307692307 0.055288461538461536 0.055288461538461536
14 0.6334134615384616 0.5913461538461539 0.05048076923076923 0.057692307692307696
18 0.421875 0.6165865384615384 0.055288461538461536 0.055288461538461536
10 0.06971153846153846 0.6382211538461539 0.0673076923076923 0.055288461538461536
10 0.9266826923076923 0.6514423076923077 0.06490384615384616 0.0625
14 0.18629807692307693 0.6911057692307693 0.055288461538461536 0.055288461538461536
10 0.8040865384615384 0.7127403846153846 0.06009615384615385 0.055288461538461536
6 0.5168269230769231 0.78125 0.0673076923076923 0.0625
22 0.8725961538461539 0.7800480769230769 0.08653846153846154 0.0889423076923077
26 0.2764423076923077 0.40625 0.057692307692307696 0.057692307692307696