20 0.5228365384615384 0.25961538461538464 0.08413461538461539 0.0673076923076923
12 0.265625 0.28725961538461536 0.07932692307692307 0.07451923076923077
16 0.1673317307692308 0.3350480769230769 0.07449932391826926 0.07453613281250003
35 0.5733173076923077 0.3713942307692308 0.0889423076923077 0.0889423076923077
35 0.36899038461538464 0.3954326923076923 0.08413461538461539 0.08413461538461539
35 0.47475961538461536 0.4014423076923077 0.07451923076923077 0.08653846153846154
24 0.11538461538461539 0.4206730769230769 0.0673076923076923 0.08653846153846154
4 0.5264423076923077 0.49038461538461536 0.0673076923076923 0.0673076923076923
24 0.1971153846153846 0.546875 0.08653846153846154 0.06490384615384616
20 0.9026442307692307 0.6033653846153846 0.07451923076923077 0.07692307692307693
28 0.4735576923076923 0.6274038461538461 0.09134615384615384 0.0673076923076923
20 0.03125 0.6454326923076923 0.0625 0.07451923076923077
32 0.2704326923076923 0.6538461538461539 0.06971153846153846 0.09134615384615384
12 0.5649038461538461 0.6682692307692307 0.052884615384615384 0.10096153846153846
35 0.30288461538461536 0.7596153846153846 0.09134615384615384 0.08653846153846154
28 0.7007211538461539 0.796875 0.06971153846153846 0.055288461538461536
20 0.3557692307692308 0.8185096153846154 0.07692307692307693 0.01201923076923077