5 0.8665865384615384 0.23557692307692307 0.07451923076923077 0.09134615384615384
9 0.4050480769230769 0.31009615384615385 0.0985576923076923 0.057692307692307696
25 0.8605769230769231 0.3762019230769231 0.10576923076923077 0.07451923076923077
17 0.5096153846153846 0.38822115384615385 0.11057692307692307 0.08413461538461539
13 0.7283653846153846 0.40024038461538464 0.07211538461538461 0.0985576923076923
33 0.14182692307692307 0.453125 0.09134615384615384 0.10817307692307693
9 0.9783653846153846 0.5456730769230769 0.04326923076923077 0.09615384615384616
17 0.815817307692308 0.6329567307692306 0.09134615384615384 0.11538461538461539
17 0.039663461538461536 0.6478365384615384 0.07932692307692307 0.10817307692307693
25 0.9855769230769231 0.6826923076923077 0.028846153846153848 0.08173076923076923
36 0.8966346153846154 0.7584134615384616 0.08653846153846154 0.11778846153846154