29 0.17548076923076922 0.19110576923076922 0.1201923076923077 0.03125
29 0.5985576923076923 0.21875 0.125 0.08653846153846154
17 0.47475961538461536 0.25600961538461536 0.0985576923076923 0.11298076923076923
36 0.7307692307692307 0.2932692307692308 0.07211538461538461 0.11538461538461539
9 0.34975961538461536 0.3918269230769231 0.0985576923076923 0.057692307692307696
21 0.5913461538461539 0.4074519230769231 0.08653846153846154 0.11298076923076923
33 0.7055288461538461 0.4543269230769231 0.07451923076923077 0.10576923076923077
25 0.4230769230769231 0.5144230769230769 0.07692307692307693 0.11057692307692307
21 0.71875 0.6021634615384616 0.07211538461538461 0.10336538461538461
9 0.5942548076923078 0.623173076923077 0.0961696213942307 0.021650015024038523
36 0.421875 0.7211538461538461 0.07451923076923077 0.11057692307692307