22 0.6550480769230769 0.18870192307692307 0.0889423076923077 0.026442307692307692
18 0.07451923076923077 0.23197115384615385 0.0673076923076923 0.0625
14 0.8028846153846154 0.25841346153846156 0.057692307692307696 0.06490384615384616
14 0.9435096153846154 0.2668269230769231 0.06009615384615385 0.057692307692307696
22 0.8521634615384616 0.5348557692307693 0.09375 0.10336538461538461
18 0.19230769230769232 0.703125 0.06727013221153846 0.06490384615384616
10 0.8629807692307693 0.7403846153846154 0.057692307692307696 0.07692307692307693
10 0.390625 0.7728365384615384 0.06971153846153846 0.06009615384615385
26 0.7007211538461539 0.7824519230769231 0.055288461538461536 0.06009615384615385
14 0.5048076923076923 0.8016826923076923 0.057692307692307696 0.04567307692307692
22 0.2512019230769231 0.7980769230769231 0.0889423076923077 0.052884615384615384
26 0.9771634615384616 0.8221153846153846 0.04567307692307692 0.004807692307692308