8 0.8978365384615384 0.23197115384615385 0.08413461538461539 0.040865384615384616
12 0.2512019230769231 0.2848557692307692 0.0985576923076923 0.04567307692307692
35 0.7704326923076923 0.2127403846153846 0.09375 0.07451923076923077
4 0.4110576923076923 0.28846153846153844 0.0673076923076923 0.0673076923076923
4 0.31971153846153844 0.38221153846153844 0.0673076923076923 0.0673076923076923
32 0.7908653846153846 0.28125 0.10096153846153846 0.0673076923076923
16 0.3473557692307692 0.21754807692307693 0.07451923076923077 0.07451923076923077
8 0.4699519230769231 0.3894230769230769 0.06490384615384616 0.08173076923076923
32 0.24759615384615385 0.19230769230769232 0.07211538461538461 0.03365384615384615
24 0.6971153846153846 0.40024038461538464 0.08653846153846154 0.06009615384615385
20 0.9699519230769231 0.17908653846153846 0.06009615384615385 0.007211538461538462
35 0.5228365384615384 0.2776442307692308 0.0889423076923077 0.08413461538461539
20 0.5288461538461539 0.19110576923076922 0.07692307692307693 0.03125
20 0.6646634615384616 0.3016826923076923 0.06490384615384616 0.07451923076923077