4 0.9206730769230769 0.5012019230769231 0.0625 0.06971153846153846
28 0.8417788461538463 0.5047596153846153 0.060109299879807634 0.09612154447115397
4 0.7584134615384616 0.5048076923076923 0.06009615384615385 0.0673076923076923
12 0.6802884615384616 0.5132211538461539 0.0673076923076923 0.09375
28 0.984375 0.5132211538461539 0.03125 0.10336538461538461
32 0.5973557692307693 0.515625 0.05048076923076923 0.0985576923076923
24 0.5168269230769231 0.5180288461538461 0.0625 0.0889423076923077
32 0.4387019230769231 0.5204326923076923 0.05048076923076923 0.0889423076923077
35 0.35697115384615385 0.5264423076923077 0.07451923076923077 0.08173076923076923
16 0.2764423076923077 0.5276442307692307 0.057692307692307696 0.07451923076923077
24 0.1935096153846154 0.53125 0.055288461538461536 0.09134615384615384
20 0.03485576923076923 0.5324519230769231 0.06490384615384616 0.07451923076923077
8 0.11177884615384616 0.5324519230769231 0.040865384615384616 0.0889423076923077