32 0.41225961538461536 0.2980769230769231 0.06971153846153846 0.09134615384615384
4 0.4338942307692308 0.8076923076923077 0.06490384615384616 0.03365384615384615
8 0.4891826923076923 0.4254807692307692 0.04567307692307692 0.08653846153846154
12 0.3798076923076923 0.38822115384615385 0.09615384615384616 0.055288461538461536
32 0.7379807692307693 0.7836538461538461 0.07692307692307693 0.08173076923076923
12 0.25 0.5757211538461539 0.09134615384615384 0.06971153846153846
12 0.6225961538461539 0.23798076923076922 0.09615384615384616 0.07211538461538461
8 0.11899038461538461 0.5252403846153846 0.07451923076923077 0.06971153846153846
16 0.11177884615384616 0.7379807692307693 0.06490384615384616 0.07211538461538461
24 0.3605769230769231 0.7319711538461539 0.08653846153846154 0.07451923076923077
20 0.20673076923076922 0.26322115384615385 0.0625 0.07451923076923077
24 0.5528846153846154 0.8233173076923077 0.08653846153846154 0.002403846153846154
35 0.9350961538461539 0.7860576923076923 0.08653846153846154 0.07692307692307693
20 0.5336538461538461 0.5745192307692307 0.07692307692307693 0.07211538461538461
35 0.18870192307692307 0.8197115384615384 0.07932692307692307 0.009615384615384616