20 0.46153846153846156 0.4723557692307692 0.07692307692307693 0.06971153846153846
4 0.640625 0.4807692307692308 0.06490384615384616 0.0673076923076923
16 0.3401442307692308 0.5276442307692307 0.07451923076923077 0.06490384615384616
16 0.5432692307692307 0.53125 0.07211538461538461 0.07211538461538461
32 0.46153846153846156 0.578125 0.07692307692307693 0.0985576923076923
24 0.5949519230769231 0.6117788461538461 0.06971153846153846 0.0889423076923077
35 0.3798076923076923 0.6129807692307693 0.08173076923076923 0.09134615384615384
12 0.27524038461538464 0.6310096153846154 0.04567307692307692 0.09375
12 0.7427884615384616 0.6418269230769231 0.07692307692307693 0.08653846153846154
32 0.5084134615384616 0.6586538461538461 0.09375 0.07692307692307693
20 0.6491346153846153 0.6912019230769231 0.07693359374999996 0.06972468449519226
12 0.19110576923076922 0.6959134615384616 0.0985576923076923 0.05048076923076923
32 0.41225961538461536 0.6995192307692307 0.0889423076923077 0.07692307692307693
28 0.3268990384615385 0.7220673076923076 0.08171687199519234 0.08416015625
24 0.5661057692307693 0.7379807692307693 0.06971153846153846 0.08173076923076923
28 0.7824519230769231 0.7524038461538461 0.0985576923076923 0.0625
12 0.6730769230769231 0.7704326923076923 0.08173076923076923 0.07932692307692307
16 0.49723557692307696 0.7806009615384616 0.0697224308894231 0.0769110576923077
4 0.13701923076923078 0.8004807692307693 0.0625 0.04807692307692308
28 0.4170673076923077 0.7956730769230769 0.07932692307692307 0.057692307692307696
32 0.2512019230769231 0.7944711538461539 0.06490384615384616 0.06009615384615385
4 0.7319711538461539 0.8173076923076923 0.06490384615384616 0.014423076923076924
8 0.34975961538461536 0.8137019230769231 0.055288461538461536 0.021634615384615384
4 0.5769230769230769 0.8209134615384616 0.0673076923076923 0.007211538461538462