20 0.6802884615384616 0.20192307692307693 0.07692307692307693 0.052884615384615384
8 0.28725961538461536 0.20793269230769232 0.04567307692307692 0.06490384615384616
20 0.390625 0.203125 0.07451923076923077 0.055288461538461536
4 0.5661057692307693 0.22956730769230768 0.06490384615384616 0.06490384615384616
32 0.46959134615384623 0.27718749999999986 0.07934157151442306 0.0937575120192308
35 0.6538461538461539 0.296875 0.09134615384615384 0.08413461538461539
24 0.328125 0.31490384615384615 0.08413461538461539 0.08653846153846154
24 0.7295673076923077 0.3701923076923077 0.06490384615384616 0.09134615384615384
35 0.40384615384615385 0.37740384615384615 0.07692307692307693 0.09134615384615384
24 0.49399038461538464 0.4074519230769231 0.06490384615384616 0.0889423076923077
35 0.40384615384615385 0.5036057692307693 0.08653846153846154 0.07451923076923077
28 0.6033653846153846 0.5180288461538461 0.08173076923076923 0.08413461538461539
16 0.4879807692307692 0.6009615384615384 0.07692307692307693 0.07211538461538461