32 0.8125 0.1875 0.09134615384615384 0.02403846153846154
28 0.3269230769230769 0.19951923076923078 0.07211538461538461 0.04807692307692308
32 0.6658653846153846 0.19951923076923078 0.08173076923076923 0.04807692307692308
28 0.2512019230769231 0.20192307692307693 0.06971153846153846 0.052884615384615384
32 0.41225961538461536 0.203125 0.06490384615384616 0.055288461538461536
16 0.1622596153846154 0.20793269230769232 0.06490384615384616 0.06490384615384616
8 0.5012019230769231 0.21033653846153846 0.04567307692307692 0.06971153846153846
24 0.8076923076923077 0.26802884615384615 0.0625 0.08413461538461539
20 0.5973557692307693 0.2704326923076923 0.06971153846153846 0.07451923076923077
20 0.7043269230769231 0.27283653846153844 0.07692307692307693 0.06971153846153846
35 0.3473557692307692 0.27283653846153844 0.07932692307692307 0.08413461538461539
12 0.2536057692307692 0.27884615384615385 0.08413461538461539 0.0673076923076923
28 0.4362980769230769 0.28846153846153844 0.06971153846153846 0.08653846153846154
4 0.8822115384615384 0.2956730769230769 0.0625 0.0625
35 0.5228365384615384 0.3137019230769231 0.08413461538461539 0.0889423076923077
8 0.16947115384615385 0.31971153846153844 0.05048076923076923 0.08173076923076923
12 0.7307692307692307 0.3629807692307692 0.08173076923076923 0.08173076923076923
20 0.2980769230769231 0.36658653846153844 0.07692307692307693 0.06971153846153846
12 0.6237980769230769 0.36899038461538464 0.08413461538461539 0.0889423076923077
16 0.4014423076923077 0.3858173076923077 0.07211538461538461 0.06971153846153846
16 0.5216346153846154 0.41947115384615385 0.07211538461538461 0.06971153846153846
16 0.23677884615384615 0.4338942307692308 0.07451923076923077 0.06971153846153846
35 0.34134615384615385 0.4699519230769231 0.07692307692307693 0.0889423076923077
24 0.4411057692307692 0.4807692307692308 0.0889423076923077 0.0625
8 0.5625 0.5048076923076923 0.09134615384615384 0.04326923076923077
24 0.4362980769230769 0.5625 0.09375 0.0625