5 0.04326923076923077 0.27403846153846156 0.08173076923076923 0.07692307692307693
36 0.6538461538461539 0.3269230769230769 0.11538461538461539 0.09134615384615384
13 0.5 0.39903846153846156 0.09134615384615384 0.07692307692307693
21 0.6117788461538461 0.4266826923076923 0.07451923076923077 0.0985576923076923
13 0.2403846153846154 0.4891826923076923 0.07211538461538461 0.10336538461538461
9 0.841298076923077 0.5241586538461539 0.10095139723557676 0.03367563100961545
33 0.6658653846153846 0.5408653846153846 0.11538461538461539 0.09134615384615384
17 0.4206730769230769 0.5853365384615384 0.10576923076923077 0.0889423076923077
9 0.16466346153846154 0.6322115384615384 0.04567307692307692 0.10096153846153846
25 0.609375 0.6778846153846154 0.0985576923076923 0.11057692307692307
29 0.9663461538461539 0.7475961538461539 0.0673076923076923 0.09134615384615384
5 0.8112980769230769 0.7487980769230769 0.07932692307692307 0.07932692307692307