8 0.5036057692307693 0.5180288461538461 0.08413461538461539 0.040865384615384616
12 0.2668269230769231 0.6165865384615384 0.09615384615384616 0.04567307692307692
12 0.2536057692307692 0.765625 0.05048076923076923 0.0985576923076923
24 0.6286057692307693 0.5841346153846154 0.08413461538461539 0.0625
28 0.39302884615384615 0.5745192307692307 0.0889423076923077 0.07211538461538461
28 0.35336538461538464 0.7908653846153846 0.10096153846153846 0.0673076923076923
8 0.07932692307692307 0.8028846153846154 0.08653846153846154 0.04326923076923077
28 0.5540865384615384 0.2548076923076923 0.0889423076923077 0.0673076923076923
28 0.10336538461538461 0.32091346153846156 0.07692307692307693 0.08413461538461539
32 0.5132211538461539 0.640625 0.0889423076923077 0.07451923076923077
12 0.4879807692307692 0.7872596153846154 0.09134615384615384 0.06490384615384616
24 0.7211538461538461 0.7992788461538461 0.07692307692307693 0.05048076923076923
24 0.9435096153846154 0.5036057692307693 0.0889423076923077 0.055288461538461536
24 0.6262019230769231 0.49399038461538464 0.0889423076923077 0.06971153846153846
35 0.3798076923076923 0.22956730769230768 0.08173076923076923 0.0889423076923077
16 0.37740384615384615 0.6814903846153846 0.0625 0.07451923076923077
32 0.6129807692307693 0.1814903846153846 0.08653846153846154 0.01201923076923077
32 0.24278846153846154 0.42908653846153844 0.08653846153846154 0.08413461538461539
35 0.03125 0.6754807692307693 0.0625 0.09134615384615384
16 0.08413461538461539 0.5348557692307693 0.0673076923076923 0.07451923076923077
4 0.7788461538461539 0.5132211538461539 0.0625 0.06490384615384616
35 0.3870192307692308 0.4855769230769231 0.08653846153846154 0.08173076923076923