36 0.4050480769230769 0.20432692307692307 0.0889423076923077 0.057692307692307696
9 0.26802884615384615 0.20192307692307693 0.07451923076923077 0.052884615384615384
13 0.025240384615384616 0.20793269230769232 0.05048076923076923 0.06490384615384616
17 0.9651442307692307 0.21754807692307693 0.06971153846153846 0.08413461538461539
25 0.14903846153846154 0.2704326923076923 0.10576923076923077 0.09375
21 0.5901442307692307 0.4579326923076923 0.08413461538461539 0.10817307692307693
29 0.9158653846153846 0.5576923076923077 0.11057692307692307 0.07692307692307693
25 0.07211538461538461 0.5637019230769231 0.10096153846153846 0.07451923076923077
17 0.5144230769230769 0.6995192307692307 0.07211538461538461 0.11057692307692307
5 0.7992788461538461 0.7860576923076923 0.06971153846153846 0.07692307692307693
36 0.6069711538461539 0.8161057692307693 0.11778846153846154 0.016826923076923076