35 0.8978365384615384 0.2091346153846154 0.0889423076923077 0.0673076923076923
28 0.4110576923076923 0.20793269230769232 0.08653846153846154 0.06490384615384616
35 0.6862980769230769 0.24278846153846154 0.0889423076923077 0.08653846153846154
28 0.17427884615384615 0.24278846153846154 0.0889423076923077 0.07692307692307693
24 0.7848557692307693 0.27403846153846156 0.07932692307692307 0.08173076923076923
4 0.5120192307692307 0.2920673076923077 0.0625 0.06490384615384616
4 0.6225961538461539 0.3485576923076923 0.0625 0.0625
12 0.9170673076923077 0.3701923076923077 0.08413461538461539 0.07692307692307693
35 0.7403846153846154 0.3870192307692308 0.08173076923076923 0.07211538461538461
20 0.7487980769230769 0.46875 0.07932692307692307 0.0673076923076923
24 0.8966346153846154 0.4723557692307692 0.08653846153846154 0.06009615384615385
35 0.6298076923076923 0.4855769230769231 0.08173076923076923 0.07692307692307693
8 0.24278846153846154 0.5336538461538461 0.08653846153846154 0.052884615384615384
32 0.78125 0.5504807692307693 0.09134615384615384 0.057692307692307696
16 0.1346153846153846 0.5576923076923077 0.07692307692307693 0.0673076923076923
16 0.5925480769230769 0.5793269230769231 0.07451923076923077 0.0625