33 0.35336538461538464 0.19831730769230768 0.10096153846153846 0.04567307692307692
5 0.21153846153846154 0.29927884615384615 0.09615384615384616 0.07932692307692307
9 0.2651682692307691 0.44718749999999996 0.10095365084134619 0.024041090745192298
17 0.036057692307692304 0.4735576923076923 0.07211538461538461 0.11057692307692307
29 0.9134615384615384 0.53125 0.11538461538461539 0.08173076923076923
29 0.28725961538461536 0.5600961538461539 0.07451923076923077 0.11538461538461539
25 0.96875 0.7043269230769231 0.0625 0.11538461538461539
33 0.42788461538461536 0.7103365384615384 0.08173076923076923 0.11778846153846154
36 0.32572115384615385 0.7127403846153846 0.09375 0.11778846153846154
36 0.5072115384615384 0.7944711538461539 0.08173076923076923 0.06009615384615385
17 0.9567307692307693 0.8076923076923077 0.08653846153846154 0.03365384615384615