30 0.6911057692307693 0.3016826923076923 0.04567307692307692 0.06971153846153846
6 0.2127403846153846 0.3798076923076923 0.06971153846153846 0.0625
18 0.7536057692307693 0.39302884615384615 0.06009615384615385 0.057692307692307696
14 0.31490384615384615 0.46875 0.052884615384615384 0.06253756009615384
6 0.7079326923076923 0.49158653846153844 0.06009615384615385 0.07451923076923077
14 0.2403846153846154 0.5024038461538461 0.052884615384615384 0.057692307692307696
18 0.6153846153846154 0.5300480769230769 0.04807692307692308 0.06009615384615385
22 0.7992788461538461 0.5336538461538461 0.06971153846153846 0.09134615384615384
14 0.01201923076923077 0.5769230769230769 0.02403846153846154 0.052884615384615384
22 0.7163461538461539 0.6622596153846154 0.057692307692307696 0.0889423076923077
30 0.6322115384615384 0.6754807692307693 0.04326923076923077 0.07692307692307693
18 0.8665865384615384 0.7355769230769231 0.052884615384615384 0.06727013221153846
10 0.019230769230769232 0.7439903846153846 0.038461538461538464 0.06009615384615385
26 0.4026442307692308 0.7956730769230769 0.05048076923076923 0.052884615384615384
26 0.9230769230769231 0.7980769230769231 0.052884615384615384 0.052884615384615384