22 0.5757211538461539 0.29447115384615385 0.08413461538461539 0.06490384615384616
10 0.3581730769230769 0.41947115384615385 0.052884615384615384 0.06009615384615385
14 0.22596153846153846 0.44591346153846156 0.057692307692307696 0.05048076923076923
30 0.828125 0.46153846153846156 0.06490384615384616 0.04807692307692308
6 0.7175480769230769 0.4831730769230769 0.06971153846153846 0.0625
10 0.10096153846153846 0.6057692307692307 0.052884615384615384 0.06727013221153846
26 0.7055288461538461 0.6129807692307693 0.05048076923076923 0.057692307692307696
26 0.40865384615384615 0.6201923076923077 0.04807692307692308 0.057692307692307696
30 0.25961538461538464 0.6682692307692307 0.04807692307692308 0.057692307692307696
18 0.8689903846153846 0.6706730769230769 0.055288461538461536 0.04807692307692308
30 0.9759615384615384 0.6730769230769231 0.04807692307692308 0.04807692307692308
14 0.09375 0.703125 0.052884615384615384 0.05048076923076923
18 0.6454326923076923 0.71875 0.052884615384615384 0.057692307692307696
6 0.027644230769230768 0.7584134615384616 0.055288461538461536 0.06009615384615385
10 0.19110576923076922 0.7608173076923077 0.05048076923076923 0.06490384615384616
22 0.4891826923076923 0.7752403846153846 0.06009615384615385 0.08413461538461539
18 0.6959134615384616 0.8149038461538461 0.055288461538461536 0.019230769230769232