12 0.07451923076923077 0.1971153846153846 0.09134615384615384 0.04326923076923077
28 0.7415865384615384 0.2127403846153846 0.06971153846153846 0.07451923076923077
20 0.9711538461538461 0.24759615384615385 0.057692307692307696 0.07692307692307693
28 0.42788461538461536 0.30649038461538464 0.0673076923076923 0.0985576923076923
28 0.07211538461538461 0.33653846153846156 0.07692307692307693 0.08173076923076923
8 0.23076923076923078 0.3798076923076923 0.08173076923076923 0.0625
32 0.9314903846153846 0.40024038461538464 0.0889423076923077 0.08413461538461539
12 0.20552884615384615 0.46153846153846156 0.10336538461538461 0.04807692307692308
35 0.7259615384615384 0.4795673076923077 0.09134615384615384 0.0889423076923077
24 0.10096153846153846 0.4891826923076923 0.07211538461538461 0.08413461538461539
8 0.1201923076923077 0.6081730769230769 0.08653846153846154 0.04326923076923077
32 0.23197115384615385 0.6478365384615384 0.09375 0.06009615384615385