10 0.8064903846153846 0.19110576923076922 0.055288461538461536 0.03125
26 0.8978365384615384 0.24519230769230768 0.05048076923076923 0.052884615384615384
6 0.984375 0.2620192307692308 0.03125 0.0673076923076923
10 0.2127403846153846 0.33774038461538464 0.05048076923076923 0.06490384615384616
22 0.6947115384615384 0.3449519230769231 0.08653846153846154 0.06971153846153846
30 0.8365384615384616 0.4338942307692308 0.0673076923076923 0.04567307692307692
22 0.6153846153846154 0.4495192307692308 0.0673076923076923 0.09134615384615384
30 0.5901442307692307 0.7079326923076923 0.055288461538461536 0.05048076923076923
30 0.9663461538461539 0.7151442307692307 0.04807692307692308 0.06971153846153846
6 0.21875 0.7367788461538461 0.057692307692307696 0.06971153846153846
10 0.48677884615384615 0.7608173076923077 0.05048076923076923 0.06490384615384616