36 0.23798076923076922 0.21514423076923078 0.07692307692307693 0.07932692307692307
13 0.7175480769230769 0.36778846153846156 0.06971153846153846 0.10096153846153846
17 0.5637019230769231 0.44350961538461536 0.07932692307692307 0.10817307692307693
29 0.1502403846153846 0.5060096153846154 0.07932692307692307 0.11298076923076923
29 0.6442307692307693 0.5697115384615384 0.11057692307692307 0.07692307692307693
36 0.2548076923076923 0.6201923076923077 0.10096153846153846 0.125
21 0.026442307692307692 0.6634615384615384 0.052884615384615384 0.11057692307692307
9 0.4675480769230769 0.6646634615384616 0.06490384615384616 0.08413461538461539
21 0.7139423076923077 0.6682692307692307 0.11057692307692307 0.08173076923076923
17 0.2860576923076923 0.7596153846153846 0.08653846153846154 0.11538461538461539
9 0.7800480769230769 0.7836538461538461 0.04567307692307692 0.08173076923076923
5 0.6394230769230769 0.7956730769230769 0.07211538461538461 0.057692307692307696
29 0.13822115384615385 0.8112980769230769 0.11298076923076923 0.026442307692307692