13 0.828125 0.2536057692307692 0.10336538461538461 0.055288461538461536
36 0.27524038461538464 0.2848557692307692 0.11778846153846154 0.08413461538461539
13 0.6490384615384616 0.3233173076923077 0.0673076923076923 0.09375
5 0.29086538461538464 0.38221153846153844 0.0673076923076923 0.08173076923076923
17 0.47836538461538464 0.4411057692307692 0.09134615384615384 0.11298076923076923
9 0.5949519230769231 0.4723557692307692 0.09375 0.06971153846153846
25 0.7151442307692307 0.5132211538461539 0.06971153846153846 0.10817307692307693
29 0.3389423076923077 0.5228365384615384 0.07211538461538461 0.10817307692307693
13 0.6189903846153846 0.5685096153846154 0.07451923076923077 0.10336538461538461
9 0.5084134615384616 0.6286057692307693 0.06009615384615385 0.08413461538461539
5 0.4026442307692308 0.671875 0.07451923076923077 0.09375
33 0.8100961538461539 0.7295673076923077 0.08173076923076923 0.10817307692307693
13 0.21754807692307693 0.7788461538461539 0.07451923076923077 0.09134615384615384
29 0.8846153846153846 0.7944711538461539 0.10576923076923077 0.06009615384615385