8 0.04807692307692308 0.20552884615384615 0.04807692307692308 0.06009615384615385
12 0.12860576923076922 0.21995192307692307 0.055288461538461536 0.0889423076923077
24 0.53125 0.25721153846153844 0.08653846153846154 0.057692307692307696
20 0.206514423076923 0.26514423076923077 0.057719350961538504 0.07690917968750004
20 0.4026442307692308 0.265625 0.07932692307692307 0.06971153846153846
35 0.6586538461538461 0.27884615384615385 0.09134615384615384 0.08173076923076923
28 0.06610576923076923 0.2980769230769231 0.0985576923076923 0.07692307692307693
8 0.16105769230769232 0.36177884615384615 0.07692307692307693 0.06490384615384616
4 0.018028846153846152 0.3870192307692308 0.036057692307692304 0.0673076923076923
16 0.42908653846153844 0.41346153846153844 0.07451923076923077 0.07211538461538461
24 0.32211538461538464 0.43028846153846156 0.0625 0.08653846153846154
16 0.21754807692307693 0.44350961538461536 0.07451923076923077 0.07451923076923077
16 0.03245192307692308 0.46634615384615385 0.06490384615384616 0.07211538461538461
35 0.4987980769230769 0.49278846153846156 0.08413461538461539 0.08653846153846154
12 0.12139423076923077 0.5060096153846154 0.055288461538461536 0.0985576923076923
24 0.3557692307692308 0.5456730769230769 0.07692307692307693 0.08173076923076923
4 0.21514423076923078 0.546875 0.06490384615384616 0.06490384615384616
4 0.0673076923076923 0.5841346153846154 0.0673076923076923 0.0673076923076923
8 0.23317307692307693 0.6430288461538461 0.0625 0.07932692307692307
32 0.4519230769230769 0.6646634615384616 0.09615384615384616 0.055288461538461536
24 0.33653846153846156 0.6670673076923077 0.07211538461538461 0.08413461538461539
32 0.12139423076923077 0.6959134615384616 0.06009615384615385 0.09375
32 0.5132211538461539 0.7427884615384616 0.0889423076923077 0.08173076923076923
8 0.3389423076923077 0.7716346153846154 0.08173076923076923 0.04807692307692308
12 0.47596153846153844 0.8221153846153846 0.09134615384615384 0.004807692307692308