24 0.7091346153846154 0.18269230769230768 0.0625 0.014423076923076924
8 0.5384615384615384 0.18269230769230768 0.07211538461538461 0.014423076923076924
28 0.8665865384615384 0.19471153846153846 0.07932692307692307 0.038461538461538464
24 0.6225961538461539 0.21153846153846154 0.07692307692307693 0.07211538461538461
28 0.7800480769230769 0.22822115384615385 0.07451923076923077 0.1009915865384615
20 0.3401442307692308 0.24158653846153846 0.07932692307692307 0.06490384615384616
24 0.7680288461538461 0.33653846153846156 0.0889423076923077 0.07692307692307693
4 0.9026442307692307 0.3401442307692308 0.06490384615384616 0.06490384615384616
32 0.6574519230769231 0.3425480769230769 0.07451923076923077 0.09375
4 0.3293269230769231 0.3713942307692308 0.0625 0.06490384615384616
12 0.5721153846153846 0.37740384615384615 0.07211538461538461 0.09134615384615384
20 0.45552884615384615 0.38100961538461536 0.07451923076923077 0.07932692307692307
35 0.7283653846153846 0.43028846153846156 0.08653846153846154 0.09134615384615384
35 0.3954326923076923 0.44591346153846156 0.09375 0.0889423076923077
32 0.9134615384615384 0.5108173076923077 0.07692307692307693 0.0889423076923077
16 0.38221153846153844 0.6802884615384616 0.0673076923076923 0.07211538461538461
8 0.5084134615384616 0.7103365384615384 0.06971153846153846 0.07451923076923077
24 0.609375 0.7199519230769231 0.07932692307692307 0.07932692307692307
16 0.6670673076923077 0.7836538461538461 0.07451923076923077 0.07211538461538461
32 0.3894230769230769 0.7956730769230769 0.08653846153846154 0.057692307692307696
12 0.4879807692307692 0.8125 0.07211538461538461 0.02403846153846154