10 0.11899038461538461 0.20072115384615385 0.05048076923076923 0.05048076923076923
26 0.9074519230769231 0.2127403846153846 0.055288461538461536 0.055288461538461536
14 0.7584134615384616 0.24278846153846154 0.05048076923076923 0.0625
22 0.03485576923076923 0.3161057692307692 0.06971153846153846 0.09375
26 0.18509615384615385 0.328125 0.052884615384615384 0.06009615384615385
30 0.4831730769230769 0.39903846153846156 0.057692307692307696 0.052884615384615384
18 0.7115384615384616 0.4110576923076923 0.057692307692307696 0.057692307692307696
6 0.35096153846153844 0.41466346153846156 0.0625 0.06971153846153846
22 0.03245192307692308 0.4423076923076923 0.06490384615384616 0.08173076923076923
10 0.5817307692307693 0.46274038461538464 0.052884615384615384 0.055288461538461536
26 0.21153846153846154 0.4699519230769231 0.057692307692307696 0.06009615384615385
30 0.27524038461538464 0.5733173076923077 0.06971153846153846 0.055288461538461536