24 0.8052884615384616 0.5168269230769231 0.09134615384615384 0.0673076923076923
12 0.11177884615384616 0.25240384615384615 0.06490384615384616 0.09134615384615384
28 0.7536057692307693 0.33774038461538464 0.07451923076923077 0.08413461538461539
8 0.890625 0.5889423076923077 0.06490384615384616 0.08173076923076923
16 0.33653846153846156 0.19951923076923078 0.07692307692307693 0.04807692307692308
28 0.47836538461538464 0.29086538461538464 0.0673076923076923 0.09134615384615384
20 0.6478365384615384 0.8088942307692307 0.06971153846153846 0.03125
32 0.5721153846153846 0.37259615384615385 0.09134615384615384 0.057692307692307696
4 0.3545673076923077 0.30288461538461536 0.06009615384615385 0.0673076923076923
8 0.22235576923076922 0.6382211538461539 0.08413461538461539 0.06490384615384616
24 0.31971153846153844 0.390625 0.09134615384615384 0.06971153846153846
35 0.6742788461538461 0.7151442307692307 0.08413461538461539 0.08413461538461539
4 0.40625 0.6274038461538461 0.0625 0.0673076923076923
20 0.7920673076923077 0.6610576923076923 0.06971153846153846 0.07692307692307693
8 0.22115384615384615 0.53125 0.08173076923076923 0.07211538461538461
4 0.2704326923076923 0.2512019230769231 0.06490384615384616 0.06490384615384616