4 0.27163461538461536 0.5084134615384616 0.0625 0.06490384615384616
20 0.35762019230769226 0.5571153846153846 0.07453613281250003 0.08414438100961547
12 0.42788461538461536 0.6021634615384616 0.052884615384615384 0.0985576923076923
8 0.27524038461538464 0.6394230769230769 0.055288461538461536 0.08173076923076923
4 0.5612980769230769 0.6538461538461539 0.06009615384615385 0.0625
35 0.6274038461538461 0.7103365384615384 0.09134615384615384 0.0889423076923077
32 0.39663461538461536 0.71875 0.0625 0.09615384615384616
28 0.48519230769230776 0.7311538461538464 0.06252140925480767 0.09856745793269238
24 0.1935096153846154 0.7463942307692307 0.0889423076923077 0.06490384615384616
4 0.5769230769230769 0.7848557692307693 0.0673076923076923 0.06490384615384616
32 0.8125 0.7980769230769231 0.09134615384615384 0.052884615384615384
28 0.3269230769230769 0.8004807692307693 0.07211538461538461 0.04807692307692308
32 0.6658653846153846 0.8052884615384616 0.08173076923076923 0.038461538461538464
28 0.2512019230769231 0.8052884615384616 0.06971153846153846 0.038461538461538464
32 0.41225961538461536 0.8064903846153846 0.06490384615384616 0.036057692307692304
16 0.1622596153846154 0.8185096153846154 0.06490384615384616 0.01201923076923077
8 0.5012019230769231 0.8197115384615384 0.04567307692307692 0.009615384615384616