21 0.7548317307692307 0.2733653846153847 0.11056790865384623 0.09135817307692307
25 0.6423798076923077 0.3018028846153846 0.10337064302884613 0.10819035456730766
29 0.5358173076923076 0.30586538461538465 0.08173565204326927 0.10817645733173077
17 0.1181490384615384 0.3433653846153846 0.08653958834134613 0.1009788161057692
36 0.22776442307692307 0.3645432692307692 0.067314453125 0.1129544771634615
21 0.6152884615384616 0.428701923076923 0.0913134765625001 0.11057091346153847
13 0.3294711538461537 0.550625 0.06490384615384616 0.09614746093750007
13 0.8514663461538462 0.5840625 0.07693134014423081 0.09611891526442307
36 0.0625 0.6572596153846154 0.09137770432692308 0.11779146634615384
5 0.26124999999999987 0.7381971153846153 0.09857384314903847 0.06729529747596175
13 0.04567307692307692 0.8016826923076923 0.09134615384615384 0.04567307692307692