26 0.36538461538461536 0.18269230769230768 0.052884615384615384 0.014423076923076924
18 0.75 0.33052884615384615 0.052884615384615384 0.055288461538461536
6 0.8701923076923077 0.33774038461538464 0.057692307692307696 0.06971153846153846
6 0.3389423076923077 0.36538461538461536 0.0673076923076923 0.0625
22 0.7836538461538461 0.43149038461538464 0.08653846153846154 0.0889423076923077
30 0.46153846153846156 0.44711538461538464 0.04807692307692308 0.0673076923076923
18 0.7427884615384616 0.7247596153846154 0.05292217548076923 0.055288461538461536
14 0.8846153846153846 0.7295673076923077 0.04807692307692308 0.06009615384615385
26 0.6298076923076923 0.7524038461538461 0.052884615384615384 0.052884615384615384
6 0.5036057692307693 0.7800480769230769 0.06490384615384616 0.06490384615384616
26 0.9579326923076923 0.8088942307692307 0.05048076923076923 0.03125