10 0.7223557692307693 0.1814903846153846 0.055288461538461536 0.01201923076923077
14 0.9026442307692307 0.18269230769230768 0.055288461538461536 0.014423076923076924
10 0.6286057692307693 0.18990384615384615 0.06009615384615385 0.028846153846153848
30 0.3545673076923077 0.19110576923076922 0.05048076923076923 0.03125
26 0.44711538461538464 0.1875 0.0625 0.02403846153846154
30 0.5372596153846154 0.19110576923076922 0.05048076923076923 0.03125
6 0.2644230769230769 0.19471153846153846 0.0625 0.038461538461538464
22 0.4362980769230769 0.5384615384615384 0.06971153846153846 0.10096153846153846
22 0.3485576923076923 0.5420673076923077 0.0673076923076923 0.0985576923076923
26 0.07692307692307693 0.5673076923076923 0.057729867788461536 0.06727013221153846
22 0.25841346153846156 0.5685096153846154 0.06971153846153846 0.10336538461538461
14 0.009615384615384616 0.5769230769230769 0.019230769230769232 0.0673076923076923
30 0.16706730769230768 0.5829326923076923 0.05048076923076923 0.08413461538461539