36 0.9290865384615384 0.19230769230769232 0.10336538461538461 0.03365384615384615
5 0.6766826923076923 0.18509615384615385 0.07932692307692307 0.019230769230769232
25 0.8269230769230769 0.23918269230769232 0.08653846153846154 0.11298076923076923
29 0.9879807692307693 0.25961538461538464 0.02403846153846154 0.10576923076923077
21 0.8149038461538461 0.3918269230769231 0.07692307692307693 0.11057692307692307
9 0.030048076923076924 0.4495192307692308 0.06009615384615385 0.0625
9 0.9423076923076923 0.4651442307692308 0.052884615384615384 0.0985576923076923
17 0.7067307692307693 0.4963942307692308 0.08653846153846154 0.11298076923076923
17 0.09115384615384606 0.5304567307692307 0.09136268028846156 0.11058518629807697
9 0.33774038461538464 0.5372596153846154 0.0985576923076923 0.06009615384615385
29 0.039663461538461536 0.6550480769230769 0.07932692307692307 0.0985576923076923
17 0.16826923076923078 0.7463942307692307 0.11057692307692307 0.09375