30 0.2512019230769231 0.1814903846153846 0.07932692307692307 0.01201923076923077
26 0.4170673076923077 0.19951923076923078 0.055288461538461536 0.04807692307692308
6 0.2608173076923077 0.27283653846153844 0.06971153846153846 0.07451923076923077
10 0.40024038461538464 0.28846153846153844 0.06490384615384616 0.057692307692307696
22 0.5300480769230769 0.32211538461538464 0.09375 0.0673076923076923
18 0.4026442307692308 0.38221153846153844 0.0673076923076923 0.0625
30 0.6478365384615384 0.38461538461538464 0.06009615384615385 0.0673076923076923
22 0.984375 0.4182692307692308 0.03125 0.10096153846153846
26 0.5228365384615384 0.44350961538461536 0.055288461538461536 0.06490384615384616
18 0.7175480769230769 0.48197115384615385 0.06009615384615385 0.06009615384615385
26 0.8677884615384616 0.48197115384615385 0.057692307692307696 0.055288461538461536
26 0.37740384615384615 0.4987980769230769 0.057692307692307696 0.06490384615384616
6 0.5949519230769231 0.5384615384615384 0.06971153846153846 0.07692307692307693
14 0.9615384615384616 0.5685096153846154 0.057692307692307696 0.055288461538461536
22 0.7692307692307693 0.6009615384615384 0.10096153846153846 0.08173076923076923