22 0.4723557692307692 0.18870192307692307 0.0889423076923077 0.026442307692307692
22 0.8918269230769231 0.21754807692307693 0.057692307692307696 0.08413461538461539
30 0.390625 0.23918269230769232 0.04567307692307692 0.06490384615384616
30 0.109375 0.26322115384615385 0.04567307692307692 0.07451923076923077
26 0.20673076923076922 0.2692307692307692 0.052884615384615384 0.052884615384615384
14 0.30408653846153844 0.2800480769230769 0.05048076923076923 0.06009615384615385
30 0.6802884615384616 0.3557692307692308 0.0625 0.04807692307692308
10 0.8641826923076923 0.375 0.055288461538461536 0.052884615384615384
30 0.3401442307692308 0.4110576923076923 0.05048076923076923 0.057692307692307696
14 0.1466346153846154 0.49038461538461536 0.052884615384615384 0.057692307692307696
6 0.4170673076923077 0.6045673076923077 0.06490384615384616 0.06490384615384616