26 0.7487980769230769 0.19110576923076922 0.05048076923076923 0.03125
14 0.04927884615384615 0.21394230769230768 0.05048076923076923 0.057692307692307696
26 0.23076923076923078 0.2536057692307692 0.052884615384615384 0.055288461538461536
22 0.0985576923076923 0.3112980769230769 0.07211538461538461 0.0889423076923077
26 0.9074519230769231 0.3641826923076923 0.05048076923076923 0.055288461538461536
30 0.18509615384615385 0.38341346153846156 0.0625 0.04567307692307692
10 0.7079326923076923 0.4375 0.055288461538461536 0.0625
22 0.28725961538461536 0.45072115384615385 0.09375 0.09375
10 0.4110576923076923 0.4639423076923077 0.052884615384615384 0.0625
6 0.171875 0.4831730769230769 0.055288461538461536 0.0625
30 0.2512019230769231 0.5769230769230769 0.05048076923076923 0.0625
14 0.39302884615384615 0.6274038461538461 0.05048076923076923 0.057692307692307696
30 0.16826923076923078 0.6538461538461539 0.0625 0.04807692307692308
6 0.6021634615384616 0.6574519230769231 0.07211538461538461 0.0625
18 0.7391826923076923 0.6766826923076923 0.055288461538461536 0.05048076923076923
14 0.2403846153846154 0.7752403846153846 0.052884615384615384 0.055288461538461536
6 0.10576923076923077 0.78125 0.0625 0.052884615384615384
18 0.3629807692307692 0.7992788461538461 0.052884615384615384 0.05048076923076923
18 0.8713942307692307 0.8185096153846154 0.06009615384615385 0.01201923076923077