10 0.46033653846153844 0.18389423076923078 0.06009615384615385 0.016826923076923076
6 0.6033653846153846 0.21394230769230768 0.07211538461538461 0.0673076923076923
10 0.7487980769230769 0.27403846153846156 0.06490384615384616 0.07211538461538461
22 0.28125 0.3016826923076923 0.09615384615384616 0.07932692307692307
18 0.15865384615384615 0.36538461538461536 0.057692307692307696 0.07211538461538461
18 0.7956730769230769 0.39302884615384615 0.0625 0.06490384615384616
14 0.6117788461538461 0.6117788461538461 0.06009615384615385 0.06009615384615385
14 0.008413461538461538 0.6538461538461539 0.016826923076923076 0.0625
10 0.23557692307692307 0.7163461538461539 0.0673076923076923 0.057692307692307696
30 0.2512019230769231 0.8064903846153846 0.07932692307692307 0.036057692307692304
26 0.4170673076923077 0.8209134615384616 0.055288461538461536 0.007211538461538462