16 0.7956730769230769 0.3076923076923077 0.07692307692307693 0.07692307692307693
28 0.7620192307692307 0.6514423076923077 0.09615384615384616 0.0673076923076923
8 0.9771634615384616 0.5384615384615384 0.04567307692307692 0.08653846153846154
28 0.5733173076923077 0.5444711538461539 0.06971153846153846 0.09375
28 0.5420673076923077 0.3485576923076923 0.07932692307692307 0.08173076923076923
28 0.6189903846153846 0.44591346153846156 0.0985576923076923 0.07451923076923077
32 0.7536057692307693 0.7295673076923077 0.09375 0.055288461538461536
12 0.9411057692307693 0.3954326923076923 0.05048076923076923 0.10336538461538461
8 0.0829326923076923 0.30288461538461536 0.0889423076923077 0.052884615384615384
12 0.6586538461538461 0.3016826923076923 0.08653846153846154 0.07932692307692307
32 0.47475961538461536 0.53125 0.06490384615384616 0.09615384615384616
16 0.4098557692307692 0.18870192307692307 0.07451923076923077 0.026442307692307692
32 0.23798076923076922 0.5096153846153846 0.07692307692307693 0.09134615384615384
16 0.7992788461538461 0.5600961538461539 0.06009615384615385 0.07211538461538461
20 0.7259615384615384 0.4831730769230769 0.07692307692307693 0.07692307692307693
24 0.7764423076923077 0.8064903846153846 0.0625 0.036057692307692304
20 0.5697115384615384 0.22115384615384615 0.07692307692307693 0.07692307692307693
32 0.4230769230769231 0.6778846153846154 0.09615384615384616 0.07692307692307693
35 0.7247596153846154 0.3858173076923077 0.0889423076923077 0.08413461538461539