35 0.23918269230769232 0.2620192307692308 0.07932692307692307 0.08653846153846154
12 0.49759615384615385 0.2764423076923077 0.08653846153846154 0.07211538461538461
28 0.3137019230769231 0.34375 0.06971153846153846 0.09134615384615384
28 0.5420673076923077 0.3545673076923077 0.09375 0.06490384615384616
4 0.7776442307692307 0.3557692307692308 0.06490384615384616 0.0673076923076923
32 0.6442307692307693 0.4182692307692308 0.0625 0.09615384615384616
20 0.8629807692307693 0.42788461538461536 0.07692307692307693 0.07692307692307693
24 0.45913461538461536 0.4423076923076923 0.0673076923076923 0.08653846153846154
16 0.3088942307692308 0.4675480769230769 0.06009615384615385 0.06971153846153846
35 0.9350961538461539 0.49759615384615385 0.08653846153846154 0.07692307692307693
20 0.578125 0.5144230769230769 0.07451923076923077 0.0625
8 0.18389423076923078 0.5769230769230769 0.08413461538461539 0.04807692307692308
20 0.6923076923076923 0.5913461538461539 0.0625 0.07211538461538461
12 0.09134615384615384 0.6899038461538461 0.09615384615384616 0.0673076923076923
28 0.9615384615384616 0.7079326923076923 0.07692307692307693 0.06490384615384616
32 0.3798076923076923 0.7463942307692307 0.08173076923076923 0.0889423076923077
24 0.6634615384615384 0.7824519230769231 0.0673076923076923 0.08413461538461539
28 0.28725961538461536 0.7848557692307693 0.06971153846153846 0.07932692307692307
20 0.020432692307692308 0.796875 0.040865384615384616 0.055288461538461536