20 0.11538461538461539 0.18389423076923078 0.08173076923076923 0.016826923076923076
32 0.31009615384615385 0.21514423076923078 0.08173076923076923 0.07932692307692307
16 0.12139423076923077 0.2620192307692308 0.06009615384615385 0.07211538461538461
32 0.22596153846153846 0.3233173076923077 0.057692307692307696 0.09375
28 0.6634615384615384 0.38341346153846156 0.07692307692307693 0.0985576923076923
4 0.7692307692307693 0.3894230769230769 0.0673076923076923 0.07211538461538461
8 0.9639423076923077 0.3894230769230769 0.052884615384615384 0.08653846153846154
32 0.3581730769230769 0.4411057692307692 0.07692307692307693 0.09375
8 0.5384615384615384 0.49278846153846156 0.08173076923076923 0.0673076923076923
4 0.7175480769230769 0.5204326923076923 0.06490384615384616 0.06490384615384616
20 0.49759615384615385 0.5877403846153846 0.07692307692307693 0.07932692307692307
4 0.4098557692307692 0.6262019230769231 0.06490384615384616 0.06490384615384616