20 0.1875 0.30528846153846156 0.07692307692307693 0.0673076923076923
4 0.4338942307692308 0.19110576923076922 0.06490384615384616 0.03125
12 0.6598557692307693 0.2283653846153846 0.05048076923076923 0.09615384615384616
28 0.22355769230769232 0.38221153846153844 0.08653846153846154 0.0673076923076923
32 0.7379807692307693 0.17908653846153846 0.07692307692307693 0.007211538461538462
28 0.4338942307692308 0.296875 0.07451923076923077 0.0985576923076923
24 0.8257211538461539 0.33774038461538464 0.0889423076923077 0.06009615384615385
24 0.3293269230769231 0.265625 0.0625 0.08413461538461539
32 0.6622596153846154 0.33413461538461536 0.09375 0.057692307692307696
24 0.5528846153846154 0.2127403846153846 0.08653846153846154 0.07451923076923077
4 0.39903846153846156 0.46153846153846156 0.0625 0.0673076923076923
35 0.9350961538461539 0.1814903846153846 0.08653846153846154 0.01201923076923077
35 0.31971153846153844 0.375 0.07692307692307693 0.08653846153846154
35 0.18870192307692307 0.2127403846153846 0.07932692307692307 0.07451923076923077
35 0.5997596153846154 0.4026442307692308 0.0889423076923077 0.08413461538461539