12 0.036057692307692304 0.19831730769230768 0.07211538461538461 0.04567307692307692
8 0.21754807692307693 0.19471153846153846 0.040865384615384616 0.038461538461538464
12 0.7800480769230769 0.1778846153846154 0.0985576923076923 0.004807692307692308
12 0.09495192307692307 0.3269230769230769 0.09375 0.052884615384615384
28 0.7367788461538461 0.29086538461538464 0.0889423076923077 0.07211538461538461
8 0.6189903846153846 0.5072115384615384 0.08413461538461539 0.057692307692307696
12 0.6358173076923077 0.22355769230769232 0.0889423076923077 0.057692307692307696
4 0.12259615384615384 0.2127403846153846 0.0673076923076923 0.06971153846153846
32 0.5396634615384616 0.22115384615384615 0.055288461538461536 0.09134615384615384
28 0.9783653846153846 0.4579326923076923 0.04326923076923077 0.09375
35 0.4699519230769231 0.3473557692307692 0.0889423076923077 0.0889423076923077
32 0.9254807692307693 0.5384615384615384 0.08173076923076923 0.08653846153846154
24 0.8149038461538461 0.6550480769230769 0.07692307692307693 0.08413461538461539
20 0.3918269230769231 0.40625 0.07692307692307693 0.07211538461538461
4 0.25721153846153844 0.43149038461538464 0.0625 0.06971153846153846