24 0.640625 0.21754807692307693 0.08413461538461539 0.08413461538461539
4 0.2512019230769231 0.3088942307692308 0.06490384615384616 0.06490384615384616
24 0.07211538461538461 0.3713942307692308 0.09134615384615384 0.06490384615384616
8 0.5276442307692307 0.3954326923076923 0.07451923076923077 0.07451923076923077
16 0.36177884615384615 0.43149038461538464 0.06971153846153846 0.06490384615384616
35 0.03245192307692308 0.4639423076923077 0.06490384615384616 0.08653846153846154
32 0.2980769230769231 0.49759615384615385 0.09134615384615384 0.0673076923076923
16 0.02283653846153846 0.5432692307692307 0.04567307692307692 0.07211538461538461
16 0.8894230769230769 0.5913461538461539 0.057692307692307696 0.07211538461538461
28 0.41947115384615385 0.6201923076923077 0.09375 0.0673076923076923
12 0.02403846153846154 0.6274038461538461 0.04807692307692308 0.04807692307692308
20 0.53125 0.6346153846153846 0.0673076923076923 0.07692307692307693
32 0.8641826923076923 0.6911057692307693 0.09375 0.055288461538461536
35 0.5793269230769231 0.7295673076923077 0.09134615384615384 0.08413461538461539
28 0.0889423076923077 0.7331730769230769 0.08173076923076923 0.08653846153846154
12 0.4074519230769231 0.7728365384615384 0.040865384615384616 0.10336538461538461
8 0.8858173076923077 0.7896634615384616 0.055288461538461536 0.06971153846153846
4 0.5264423076923077 0.8161057692307693 0.0625 0.016826923076923076
20 0.7884615384615384 0.8161057692307693 0.07692307692307693 0.016826923076923076
28 0.9795673076923077 0.8125 0.040865384615384616 0.02403846153846154