36 0.1658653846153846 0.1814903846153846 0.10096153846153846 0.01201923076923077
9 0.6045673076923077 0.17908653846153846 0.06009615384615385 0.007211538461538462
29 0.8930288461538461 0.2091346153846154 0.07451923076923077 0.0673076923076923
33 0.7908653846153846 0.21153846153846154 0.08653846153846154 0.07211538461538461
21 0.24699519230769232 0.23978365384615385 0.07450946514423076 0.10578012319711541
5 0.8219471153846155 0.3323557692307692 0.06250450721153829 0.08892690805288463
36 0.4969951923076923 0.33745192307692307 0.11297814002403847 0.10334172175480766
33 0.7932211538461539 0.4717067307692308 0.1009724308894231 0.11298039362980762
9 0.014423076923076924 0.5048076923076923 0.028846153846153848 0.09615384615384616
36 0.5182932692307692 0.5230769230769231 0.11300743689903843 0.10096078725961537
33 0.8811778846153845 0.5661298076923077 0.10339618389423076 0.0793314302884615
17 0.2590384615384615 0.5925240384615384 0.09854867788461542 0.11296574519230763
5 0.7460336538461536 0.5976201923076924 0.08172400841346153 0.08654597355769227
25 0.5437500000000001 0.636033653846154 0.11059758112980766 0.10814640925480773
25 0.5997596153846154 0.7680288461538461 0.0985576923076923 0.11298076923076923
36 0.2824519230769231 0.78125 0.09375 0.08653846153846154