18 0.4963942307692308 0.4026442307692308 0.055288461538461536 0.05048076923076923
10 0.5649038461538461 0.5024038461538461 0.04807692307692308 0.057692307692307696
10 0.11177884615384616 0.5096153846153846 0.052884615384615384 0.0673076923076923
30 0.27403846153846156 0.5120192307692307 0.04803936298076923 0.07215294471153846
26 0.47115384615384615 0.5144230769230769 0.052884615384615384 0.057692307692307696
14 0.19471153846153846 0.5216346153846154 0.052847055288461536 0.05292217548076923
22 0.6826923076923077 0.5216346153846154 0.09134615384615384 0.09134615384615384
30 0.4050480769230769 0.5528846153846154 0.04567307692307692 0.0673076923076923
10 0.6009615384615384 0.6021634615384616 0.052884615384615384 0.06490384615384616
30 0.28846153846153844 0.6213942307692307 0.04803936298076923 0.07211538461538461
6 0.53125 0.6237980769230769 0.052884615384615384 0.06490384615384616
30 0.12259615384615384 0.625 0.04326923076923077 0.0673076923076923
26 0.21033653846153846 0.6286057692307693 0.052884615384615384 0.052884615384615384
22 0.7067307692307693 0.65625 0.07688551682692307 0.09134615384615384
14 0.45913461538461536 0.6778846153846154 0.052884615384615384 0.0625
22 0.3737980769230769 0.6790865384615384 0.06490384615384616 0.0889423076923077
6 0.640625 0.7067307692307693 0.0625 0.0673076923076923
26 0.5612980769230769 0.7223557692307693 0.05048076923076923 0.06009615384615385
26 0.3016826923076923 0.7307692307692307 0.052884615384615384 0.05765474759615385
14 0.22235576923076922 0.7403846153846154 0.05048076923076923 0.057692307692307696
18 0.14423076923076922 0.7487980769230769 0.052884615384615384 0.06009615384615385
18 0.4098557692307692 0.7824519230769231 0.055288461538461536 0.057692307692307696
6 0.49278846153846156 0.7944711538461539 0.0625 0.06009615384615385
22 0.32091346153846156 0.8052884615384616 0.08413461538461539 0.038461538461538464
6 0.20552884615384615 0.8209134615384616 0.055288461538461536 0.007211538461538462