22 0.8329326923076923 0.4266826923076923 0.06490384615384616 0.09375
14 0.7548076923076923 0.4423076923076923 0.04811448317307692 0.057729867788461536
22 0.6730769230769231 0.4579326923076923 0.0625 0.0889423076923077
18 0.59375 0.4735576923076923 0.04807692307692308 0.0625
22 0.5144230769230769 0.48677884615384615 0.0625 0.09375
10 0.43509615384615385 0.5024038461538461 0.052884615384615384 0.0673076923076923
14 0.3557692307692308 0.5072115384615384 0.052884615384615384 0.0673076923076923
6 0.2776442307692308 0.5120192307692307 0.0625 0.07692307692307693
26 0.19591346153846154 0.5228365384615384 0.05048076923076923 0.06009615384615385
10 0.1141826923076923 0.5360576923076923 0.052884615384615384 0.0673076923076923
10 0.038461538461538464 0.5492788461538461 0.052884615384615384 0.06971153846153846
30 0.8762019230769231 0.8064903846153846 0.04567307692307692 0.036057692307692304
26 0.7956730769230769 0.8185096153846154 0.04807692307692308 0.01201923076923077
10 0.7175480769230769 0.8197115384615384 0.055288461538461536 0.009615384615384616
30 0.6334134615384616 0.8221153846153846 0.05048076923076923 0.004807692307692308