21 0.5048076923076923 0.18389423076923078 0.11057692307692307 0.016826923076923076
21 0.9675480769230769 0.19831730769230768 0.06490384615384616 0.04567307692307692
9 0.2980769230769231 0.23918269230769232 0.04807692307692308 0.10336538461538461
13 0.14783653846153846 0.3293269230769231 0.07451923076923077 0.09615384615384616
21 0.5757211538461539 0.3918269230769231 0.0985576923076923 0.11057692307692307
17 0.7572115384615384 0.46634615384615385 0.07692307692307693 0.11057692307692307
13 0.019230769230769232 0.6213942307692307 0.038461538461538464 0.07451923076923077
29 0.08653846153846154 0.6935096153846154 0.08653846153846154 0.10817307692307693
5 0.18389423076923078 0.7055288461538461 0.07451923076923077 0.09375
33 0.13822115384615385 0.8004807692307693 0.10817307692307693 0.04807692307692308
17 0.6598557692307693 0.8064903846153846 0.06490384615384616 0.036057692307692304