9 0.7920673076923077 0.23677884615384615 0.09375 0.06971153846153846
33 0.08413461538461539 0.28846153846153844 0.09134615384615384 0.11057692307692307
36 0.9050480769230769 0.30408653846153844 0.09375 0.11298076923076923
9 0.8485576923076923 0.39663461538461536 0.09615384615384616 0.0625
5 0.6213942307692307 0.5204326923076923 0.0889423076923077 0.07932692307692307
29 0.37415865384615377 0.5267788461538461 0.09375788762019227 0.09616849459134613
36 0.0889423076923077 0.5709134615384616 0.08653846153846154 0.11778846153846154
5 0.6081730769230769 0.6442307692307693 0.07692307692307693 0.08653846153846154
5 0.1622596153846154 0.6442307692307693 0.07932692307692307 0.09134615384615384
33 0.9483173076923077 0.6694711538461539 0.10336538461538461 0.08413461538461539
33 0.9459134615384616 0.7644230769230769 0.10817307692307693 0.08653846153846154
13 0.3173076923076923 0.7800480769230769 0.07692307692307693 0.0889423076923077