20 0.6021634615384616 0.17908653846153846 0.07932692307692307 0.007211538461538462
20 0.6995192307692307 0.19591346153846154 0.0625 0.040865384615384616
12 0.4855769230769231 0.21754807692307693 0.08173076923076923 0.08413461538461539
20 0.7788461538461539 0.26802884615384615 0.08173076923076923 0.07451923076923077
35 0.21514423076923078 0.2920673076923077 0.08413461538461539 0.09375
24 0.6418269230769231 0.2980769230769231 0.07692307692307693 0.08653846153846154
28 0.9783653846153846 0.29927884615384615 0.04326923076923077 0.06971153846153846
12 0.09375 0.3581730769230769 0.07211538461538461 0.09134615384615384
8 0.5709134615384616 0.39783653846153844 0.08413461538461539 0.040865384615384616
32 0.6237980769230769 0.4891826923076923 0.0985576923076923 0.055288461538461536
28 0.22596153846153846 0.5132211538461539 0.08653846153846154 0.07451923076923077
35 0.3016826923076923 0.5793269230769231 0.0889423076923077 0.08653846153846154
8 0.5048076923076923 0.5925480769230769 0.04807692307692308 0.0889423076923077