4 0.3389423076923077 0.22235576923076922 0.0673076923076923 0.06490384615384616
28 0.07692307692307693 0.3245192307692308 0.0673076923076923 0.09134615384615384
12 0.14543269230769232 0.3798076923076923 0.055288461538461536 0.09615384615384616
20 0.27524038461538464 0.4074519230769231 0.07932692307692307 0.07932692307692307
20 0.7175480769230769 0.45552884615384615 0.07932692307692307 0.06971153846153846
16 0.10697115384615384 0.47596153846153844 0.07451923076923077 0.0625
35 0.4338942307692308 0.49278846153846156 0.08413461538461539 0.07692307692307693
24 0.8449519230769231 0.5180288461538461 0.07451923076923077 0.0889423076923077
35 0.22355769230769232 0.5240384615384616 0.07211538461538461 0.08173076923076923
35 0.020432692307692308 0.5360576923076923 0.040865384615384616 0.08173076923076923
28 0.32091346153846156 0.5492788461538461 0.08413461538461539 0.06971153846153846
32 0.953125 0.5564903846153846 0.06971153846153846 0.0985576923076923
20 0.7860576923076923 0.6201923076923077 0.07211538461538461 0.07692307692307693
20 0.49399038461538464 0.6237980769230769 0.08413461538461539 0.06971153846153846
12 0.18389423076923078 0.6947115384615384 0.040865384615384616 0.10576923076923077
24 0.6838942307692307 0.7391826923076923 0.0889423076923077 0.07451923076923077
32 0.78125 0.7824519230769231 0.09134615384615384 0.07932692307692307
12 0.10697115384615384 0.7848557692307693 0.04567307692307692 0.07932692307692307