25 0.26802884615384615 0.1814903846153846 0.06490384615384616 0.01201923076923077
29 0.09641826923076927 0.2541586538461539 0.11057091346153847 0.0721236478365385
29 0.6634134615384616 0.3082932692307692 0.08894118088942313 0.09855957031249997
29 0.30163461538461545 0.3812740384615385 0.10815054086538464 0.08172776442307686
33 0.9235096153846155 0.4007932692307693 0.06970177283653839 0.10335637019230777
17 0.18413461538461545 0.4453365384615384 0.10336500901442307 0.0745113431490385
33 0.22901442307692305 0.544014423076923 0.10576284555288461 0.07453275240384617
13 0.12009615384615394 0.5642307692307693 0.05771033653846152 0.09373046874999999
21 0.3174038461538461 0.6187019230769231 0.10578463040865384 0.09376277043269224
17 0.03125 0.6346153846153846 0.0625 0.09615384615384616
25 0.0731249999999999 0.7060817307692309 0.10816143329326924 0.09854867788461547
21 0.6970192307692309 0.7163461538461539 0.08175706129807682 0.1057545823317308
9 0.8209134615384616 0.8185096153846154 0.07932692307692307 0.01201923076923077