28 0.7007211538461539 0.1971153846153846 0.06971153846153846 0.04326923076923077
20 0.3557692307692308 0.20432692307692307 0.07692307692307693 0.057692307692307696
8 0.09375 0.22355769230769232 0.08653846153846154 0.052884615384615384
8 0.19951923076923078 0.27163461538461536 0.04326923076923077 0.09134615384615384
32 0.109375 0.34375 0.09375 0.0673076923076923
12 0.4338942307692308 0.36177884615384615 0.09375 0.055288461538461536
24 0.22956730769230768 0.3713942307692308 0.09375 0.06490384615384616
4 0.02403846153846154 0.38341346153846156 0.04807692307692308 0.06490384615384616
8 0.5637019230769231 0.4170673076923077 0.07932692307692307 0.06009615384615385
28 0.34375 0.4206730769230769 0.09615384615384616 0.07211538461538461
4 0.14182692307692307 0.42908653846153844 0.0625 0.06009615384615385
16 0.4651442307692308 0.4651442307692308 0.07451923076923077 0.06971153846153846
4 0.25961538461538464 0.46634615384615385 0.0625 0.0673076923076923
16 0.6225961538461539 0.4855769230769231 0.07692307692307693 0.07692307692307693
16 0.18990384615384615 0.5276442307692307 0.0673076923076923 0.07451923076923077
8 0.8100961538461539 0.5444711538461539 0.08653846153846154 0.04567307692307692
28 0.6923076923076923 0.546875 0.08173076923076923 0.08413461538461539
12 0.41225961538461536 0.5552884615384616 0.0985576923076923 0.04807692307692308
24 0.328125 0.6237980769230769 0.06490384615384616 0.09375