21 0.17668269230769232 0.22355769230769232 0.10817307692307693 0.07692307692307693
5 0.40384615384615385 0.3449519230769231 0.0673076923076923 0.09375
33 0.09735576923076923 0.36899038461538464 0.11298076923076923 0.08413461538461539
36 0.6394230769230769 0.4098557692307692 0.10576923076923077 0.10336538461538461
25 0.390625 0.5168269230769231 0.0889423076923077 0.10576923076923077
9 0.18028846153846154 0.5769230769230769 0.08173076923076923 0.07692307692307693
13 0.359375 0.6430288461538461 0.07451923076923077 0.10817307692307693
36 0.4675480769230769 0.6658653846153846 0.10336538461538461 0.10576923076923077
5 0.24879807692307693 0.7740384615384616 0.07451923076923077 0.08173076923076923
13 0.8389423076923077 0.8088942307692307 0.09134615384615384 0.03125
29 0.9579326923076923 0.8137019230769231 0.08413461538461539 0.021634615384615384