36 0.5901442307692307 0.1778846153846154 0.07932692307692307 0.004807692307692308
9 0.4795673076923077 0.18028846153846154 0.06009615384615385 0.009615384615384616
36 0.7127403846153846 0.21153846153846154 0.08413461538461539 0.07211538461538461
9 0.9567307692307693 0.2548076923076923 0.08653846153846154 0.028846153846153848
33 0.6165865384615384 0.2620192307692308 0.07451923076923077 0.11057692307692307
25 0.7403846153846154 0.3762019230769231 0.07692307692307693 0.11298076923076923
9 0.8870192307692307 0.3858173076923077 0.09134615384615384 0.06490384615384616
29 0.7019230769230769 0.5216346153846154 0.07692307692307693 0.11538461538461539
17 0.1346153846153846 0.5528846153846154 0.10576923076923077 0.10576923076923077
9 0.25841346153846156 0.5673076923076923 0.06009615384615385 0.09615384615384616
36 0.16346153846153846 0.6899038461538461 0.08173076923076923 0.1201923076923077
21 0.0625 0.6923076923076923 0.07692307692307693 0.11538461538461539
17 0.2620192307692308 0.703125 0.07692307692307693 0.10817307692307693