12 0.3269230769230769 0.7872596153846154 0.0625 0.07451923076923077
28 0.5420673076923077 0.71875 0.0985576923076923 0.07211538461538461
32 0.09735576923076923 0.7692307692307693 0.09375 0.0625
16 0.21033653846153846 0.7451923076923077 0.07451923076923077 0.0673076923076923
35 0.44350961538461536 0.765625 0.07451923076923077 0.08413461538461539
32 0.5288461538461539 0.5853365384615384 0.08173076923076923 0.08413461538461539
24 0.41225961538461536 0.5649038461538461 0.06490384615384616 0.08653846153846154
16 0.5 0.421875 0.07211538461538461 0.06971153846153846
8 0.2764423076923077 0.6310096153846154 0.0673076923076923 0.07932692307692307
16 0.09495192307692307 0.6370192307692307 0.07451923076923077 0.0673076923076923
35 0.8293269230769231 0.6382211538461539 0.08173076923076923 0.0889423076923077
32 0.9110576923076923 0.6899038461538461 0.08653846153846154 0.08653846153846154
8 0.3245192307692308 0.25841346153846156 0.07692307692307693 0.06971153846153846
4 0.19951923076923078 0.8197115384615384 0.0673076923076923 0.009615384615384616
4 0.25721153846153844 0.359375 0.0625 0.06971153846153846