17 0.4362980769230769 0.18389423076923078 0.10336538461538461 0.016826923076923076
9 0.07692307692307693 0.20673076923076922 0.09615384615384616 0.0625
33 0.31850961538461536 0.27163461538461536 0.10817307692307693 0.08653846153846154
13 0.4206730769230769 0.3737980769230769 0.08173076923076923 0.08413461538461539
5 0.7163461538461539 0.5336538461538461 0.08653846153846154 0.08173076923076923
17 0.9192548076923079 0.5361778846153846 0.10334397536057693 0.1009386268028846
13 0.41586538461538464 0.5625 0.08653846153846154 0.08653846153846154
36 0.6033653846153846 0.5637019230769231 0.08173076923076923 0.11298076923076923
33 0.16346153846153846 0.6189903846153846 0.11057692307692307 0.09375
5 0.9783653846153846 0.6334134615384616 0.04326923076923077 0.06971153846153846
13 0.9326923076923077 0.7848557692307693 0.10096153846153846 0.06971153846153846
33 0.08173076923076923 0.8052884615384616 0.11538461538461539 0.038461538461538464