9 0.3581730769230769 0.2127403846153846 0.052884615384615384 0.07451923076923077
21 0.027644230769230768 0.24278846153846154 0.055288461538461536 0.11057692307692307
5 0.20072115384615385 0.24639423076923078 0.07451923076923077 0.08413461538461539
13 0.14182692307692307 0.34134615384615385 0.10096153846153846 0.08173076923076923
13 0.6850961538461539 0.35697115384615385 0.07211538461538461 0.10336538461538461
25 0.3137019230769231 0.5216346153846154 0.07932692307692307 0.1201923076923077
29 0.9591346153846154 0.5637019230769231 0.08173076923076923 0.07451923076923077
33 0.8461538461538461 0.5673076923076923 0.10096153846153846 0.11057692307692307
29 0.09975961538461539 0.6838942307692307 0.07932692307692307 0.10817307692307693
5 0.9122596153846154 0.7403846153846154 0.0889423076923077 0.07692307692307693
13 0.054086538461538464 0.7872596153846154 0.0985576923076923 0.07451923076923077