4 0.0673076923076923 0.1778846153846154 0.0673076923076923 0.004807692307692308
4 0.25841346153846156 0.18389423076923078 0.06490384615384616 0.016826923076923076
35 0.6526442307692307 0.21634615384615385 0.0889423076923077 0.08173076923076923
35 0.36778846153846156 0.22596153846153846 0.08173076923076923 0.08653846153846154
24 0.5252403846153846 0.5108173076923077 0.0889423076923077 0.06971153846153846
32 0.25721153846153844 0.5480769230769231 0.09134615384615384 0.0625
32 0.9014423076923077 0.5612980769230769 0.08173076923076923 0.08413461538461539
35 0.6213942307692307 0.5877403846153846 0.08413461538461539 0.0889423076923077
28 0.15865384615384615 0.5961538461538461 0.09134615384615384 0.07692307692307693
16 0.36899038461538464 0.609375 0.06971153846153846 0.06490384615384616
16 0.40384615384615385 0.7944711538461539 0.07692307692307693 0.06009615384615385