25 0.03125 0.18509615384615385 0.0625 0.019230769230769232
25 0.984375 0.21033653846153846 0.03125 0.06971153846153846
9 0.8132211538461538 0.19641826923076933 0.09615760216346149 0.024029071514423076
13 0.2403846153846154 0.3016826923076923 0.07211538461538461 0.11298076923076923
36 0.7151442307692307 0.4411057692307692 0.11778846153846154 0.08413461538461539
21 0.4891826923076923 0.46033653846153844 0.10817307692307693 0.09375
36 0.9555288461538461 0.5168269230769231 0.0889423076923077 0.11057692307692307
9 0.578125 0.5516826923076923 0.11298076923076923 0.040865384615384616
21 0.9579326923076923 0.7055288461538461 0.08413461538461539 0.07451923076923077
25 0.27403846153846156 0.7163461538461539 0.10576923076923077 0.07692307692307693
33 0.8701923076923077 0.7692307692307693 0.10096153846153846 0.11057692307692307
36 0.15625 0.7884615384615384 0.07211538461538461 0.07211538461538461
25 0.6490384615384616 0.8088942307692307 0.10576923076923077 0.03125
13 0.7584134615384616 0.8173076923076923 0.07451923076923077 0.014423076923076924
21 0.5240384615384616 0.8197115384615384 0.09134615384615384 0.009615384615384616