16 0.5010576923076925 0.21360576923076927 0.07453275240384617 0.0673039362980769
12 0.5985576923076923 0.44350961538461536 0.09615384615384616 0.06490384615384616
20 0.21754807692307693 0.44591346153846156 0.06971153846153846 0.07451923076923077
20 0.46153846153846156 0.49278846153846156 0.07211538461538461 0.07692307692307693
4 0.7043269230769231 0.5084134615384616 0.0673076923076923 0.06490384615384616
8 0.8137019230769231 0.5084134615384616 0.06490384615384616 0.07932692307692307
4 0.12860576923076922 0.5084134615384616 0.06490384615384616 0.06490384615384616
16 0.9170673076923077 0.5456730769230769 0.06009615384615385 0.07211538461538461
32 0.703125 0.6322115384615384 0.0985576923076923 0.0625
28 0.29447115384615385 0.6850961538461539 0.09375 0.0625
35 0.5949519230769231 0.6911057692307693 0.0889423076923077 0.09375
32 0.9194711538461539 0.7127403846153846 0.06490384615384616 0.09375
20 0.9915865384615384 0.7163461538461539 0.016826923076923076 0.0673076923076923
4 0.44591346153846156 0.7379807692307693 0.06490384615384616 0.0673076923076923
16 0.31009615384615385 0.7632211538461539 0.07692307692307693 0.06009615384615385
12 0.5360576923076923 0.8004807692307693 0.057692307692307696 0.04807692307692308
8 0.9230769230769231 0.8052884615384616 0.07211538461538461 0.038461538461538464