25 0.13701923076923078 0.20432692307692307 0.08653846153846154 0.057692307692307696
5 0.6105769230769231 0.21634615384615385 0.0673076923076923 0.08173076923076923
36 0.036057692307692304 0.37740384615384615 0.07211538461538461 0.11057692307692307
29 0.8016826923076923 0.38221153846153844 0.09375 0.10096153846153846
21 0.203125 0.48677884615384615 0.06971153846153846 0.10817307692307693
25 0.33774038461538464 0.5132211538461539 0.10817307692307693 0.09375
5 0.054086538461538464 0.5552884615384616 0.0889423076923077 0.07211538461538461
5 0.9074519230769231 0.6045673076923077 0.08413461538461539 0.06490384615384616
36 0.6237980769230769 0.6622596153846154 0.07932692307692307 0.11298076923076923
17 0.30408653846153844 0.6742788461538461 0.10817307692307693 0.07932692307692307
9 0.5030288461538461 0.6942788461538462 0.09616361177884623 0.024015925480769286
29 0.36899038461538464 0.7896634615384616 0.10336538461538461 0.06971153846153846
33 0.5997596153846154 0.7956730769230769 0.08413461538461539 0.057692307692307696