22 0.5973557692307693 0.19831730769230768 0.06490384615384616 0.04567307692307692
26 0.08653846153846154 0.19831730769230768 0.052884615384615384 0.04567307692307692
14 0.6057692307692307 0.28846153846153844 0.052884615384615384 0.052884615384615384
14 0.7704326923076923 0.3329326923076923 0.05048076923076923 0.06009615384615385
26 0.5528846153846154 0.37259615384615385 0.052884615384615384 0.052884615384615384
10 0.17427884615384615 0.42427884615384615 0.06490384615384616 0.05048076923076923
18 0.6213942307692307 0.4543269230769231 0.055288461538461536 0.057692307692307696
14 0.24519230769230768 0.5108173076923077 0.05765474759615385 0.06009615384615385
6 0.8269230769230769 0.6802884615384616 0.0673076923076923 0.057692307692307696
6 0.7524038461538461 0.75 0.0625 0.0625
30 0.6141826923076923 0.7824519230769231 0.06971153846153846 0.04567307692307692