9 0.39903846153846156 0.5685096153846154 0.04807692307692308 0.09375
25 0.33413461538461536 0.6514423076923077 0.11057692307692307 0.10096153846153846
29 0.17548076923076922 0.44711538461538464 0.07692307692307693 0.10576923076923077
13 0.3088942307692308 0.36778846153846156 0.0985576923076923 0.07692307692307693
21 0.9146634615384616 0.7788461538461539 0.0889423076923077 0.09134615384615384
9 0.7956730769230769 0.21514423076923078 0.10096153846153846 0.06009615384615385
5 0.6610576923076923 0.7896634615384616 0.07211538461538461 0.06971153846153846
36 0.037259615384615384 0.5853365384615384 0.07451923076923077 0.0985576923076923
17 0.4951923076923077 0.6334134615384616 0.08653846153846154 0.10336538461538461
36 0.07451923076923077 0.39903846153846156 0.10576923076923077 0.11057692307692307
25 0.22115384615384615 0.6995192307692307 0.08173076923076923 0.11538461538461539