14 0.8088942307692307 0.17668269230769232 0.055288461538461536 0.002403846153846154
6 0.6370192307692307 0.33413461538461536 0.0625 0.052884615384615384
14 0.8112980769230769 0.3401442307692308 0.055288461538461536 0.055288461538461536
22 0.15865384615384615 0.35336538461538464 0.0625 0.08653846153846154
30 0.9795673076923077 0.44350961538461536 0.040865384615384616 0.07451923076923077
10 0.20793269230769232 0.44471153846153844 0.055288461538461536 0.04807692307692308
30 0.5036057692307693 0.4483173076923077 0.06971153846153846 0.04567307692307692
6 0.10576923076923077 0.4735576923076923 0.052884615384615384 0.07211538461538461
18 0.9146634615384616 0.5132211538461539 0.05048076923076923 0.055288461538461536
10 0.1935096153846154 0.5504807692307693 0.05048076923076923 0.06253756009615384
26 0.09735576923076923 0.5721153846153846 0.05048076923076923 0.052884615384615384
14 0.25 0.6382211538461539 0.052884615384615384 0.055288461538461536
10 0.01201923076923077 0.6706730769230769 0.02403846153846154 0.052884615384615384
22 0.1201923076923077 0.6754807692307693 0.08173076923076923 0.09134615384615384
18 0.8040865384615384 0.7367788461538461 0.057692307692307696 0.057692307692307696
26 0.1466346153846154 0.7728365384615384 0.052884615384615384 0.055288461538461536