18 0.3870192307692308 0.19591346153846154 0.052884615384615384 0.040865384615384616
26 0.4891826923076923 0.21033653846153846 0.05048076923076923 0.055288461538461536
14 0.9086538461538461 0.4110576923076923 0.052884615384615384 0.052884615384615384
10 0.7127403846153846 0.4387019230769231 0.05048076923076923 0.06490384615384616
6 0.3076923076923077 0.5540865384615384 0.07211538461538461 0.0625
26 0.7331730769230769 0.5600961538461539 0.052884615384615384 0.057692307692307696
22 0.5612980769230769 0.5661057692307693 0.055288461538461536 0.08413461538461539
6 0.8353365384615384 0.5829326923076923 0.06009615384615385 0.07451923076923077
14 0.20552884615384615 0.5925480769230769 0.05048076923076923 0.055288461538461536
10 0.10096153846153846 0.6610576923076923 0.057692307692307696 0.06253756009615384
22 0.3173076923076923 0.7439903846153846 0.0673076923076923 0.0889423076923077
26 0.05048076923076923 0.8076923076923077 0.052884615384615384 0.03365384615384615