30 0.3545673076923077 0.18509615384615385 0.04567307692307692 0.019230769230769232
22 0.20072115384615385 0.1935096153846154 0.09375 0.036057692307692304
30 0.5757211538461539 0.18990384615384615 0.04567307692307692 0.028846153846153848
22 0.15504807692307693 0.2512019230769231 0.09375 0.08653846153846154
10 0.40024038461538464 0.2608173076923077 0.06009615384615385 0.055288461538461536
22 0.265625 0.2800480769230769 0.08413461538461539 0.0889423076923077
26 0.5829326923076923 0.2920673076923077 0.05048076923076923 0.05048076923076923
10 0.12259615384615384 0.3317307692307692 0.0625 0.052884615384615384
30 0.35697115384615385 0.35216346153846156 0.05048076923076923 0.055288461538461536
6 0.5649038461538461 0.3786057692307692 0.0673076923076923 0.0625
14 0.44591346153846156 0.4026442307692308 0.05048076923076923 0.05048076923076923
18 0.5300480769230769 0.46875 0.05048076923076923 0.05292217548076923
26 0.8677884615384616 0.5420673076923077 0.052884615384615384 0.055288461538461536
14 0.7487980769230769 0.5709134615384616 0.05048076923076923 0.05048076923076923
18 0.5408653846153846 0.5889423076923077 0.052884615384615384 0.052884615384615384
10 0.5612980769230769 0.6754807692307693 0.06009615384615385 0.052884615384615384
26 0.6682692307692307 0.7055288461538461 0.052884615384615384 0.055288461538461536