25 0.9134615384615384 0.22355769230769232 0.09615384615384616 0.09615384615384616
17 0.013221153846153846 0.25600961538461536 0.026442307692307692 0.07932692307692307
29 0.7211538461538461 0.421875 0.10576923076923077 0.0889423076923077
36 0.027644230769230768 0.46153846153846156 0.055288461538461536 0.08653846153846154
5 0.14423076923076922 0.5264423076923077 0.09134615384615384 0.07692307692307693
25 0.671875 0.5588942307692307 0.08413461538461539 0.11778846153846154
33 0.08173076923076923 0.6706730769230769 0.11538461538461539 0.11057692307692307
13 0.5637019230769231 0.6826923076923077 0.10817307692307693 0.07692307692307693
9 0.19622596153846153 0.7770432692307693 0.1033503605769231 0.03364595853365388
36 0.4519230769230769 0.7836538461538461 0.11057692307692307 0.08173076923076923
5 0.3173076923076923 0.8052884615384616 0.09134615384615384 0.038461538461538464