28 0.15625 0.1935096153846154 0.0673076923076923 0.036057692307692304
28 0.055288461538461536 0.19591346153846154 0.08653846153846154 0.040865384615384616
35 0.4170673076923077 0.21394230769230768 0.0889423076923077 0.07692307692307693
12 0.25 0.24519230769230768 0.08173076923076923 0.07692307692307693
28 0.31490384615384615 0.19110576923076922 0.07211538461538461 0.03125
16 0.34134615384615385 0.3016826923076923 0.07692307692307693 0.07451923076923077
24 0.45913461538461536 0.28966346153846156 0.08653846153846154 0.06490384615384616
32 0.3762019230769231 0.375 0.08413461538461539 0.08653846153846154
12 0.6262019230769231 0.21634615384615385 0.0985576923076923 0.0625
35 0.16826923076923078 0.296875 0.08173076923076923 0.07932692307692307
35 0.5240384615384616 0.203125 0.08173076923076923 0.055288461538461536