5 0.21754807692307693 0.26322115384615385 0.07932692307692307 0.0985576923076923
21 0.4651442307692308 0.296875 0.07451923076923077 0.10817307692307693
13 0.14302884615384615 0.46634615384615385 0.10336538461538461 0.07692307692307693
29 0.9134615384615384 0.48197115384615385 0.11538461538461539 0.07451923076923077
5 0.7427884615384616 0.5084134615384616 0.08653846153846154 0.06971153846153846
13 0.5625 0.5745192307692307 0.10096153846153846 0.08173076923076923
25 0.8245192307692307 0.6153846153846154 0.09134615384615384 0.1201923076923077
29 0.9651442307692307 0.6598557692307693 0.06971153846153846 0.07932692307692307
33 0.6706730769230769 0.71875 0.07692307692307693 0.11057692307692307
25 0.9867788461538461 0.78125 0.026442307692307692 0.08653846153846154
29 0.8834134615384616 0.7896634615384616 0.11298076923076923 0.06971153846153846
21 0.26802884615384615 0.8185096153846154 0.10336538461538461 0.01201923076923077