8 0.2764423076923077 0.3125 0.04807692307692308 0.08653846153846154
12 0.3713942307692308 0.5096153846153846 0.09375 0.052884615384615384
32 0.44591346153846156 0.4074519230769231 0.07932692307692307 0.0889423076923077
20 0.24639423076923078 0.5913461538461539 0.07932692307692307 0.0673076923076923
4 0.4110576923076923 0.7728365384615384 0.0625 0.06490384615384616
28 0.12259615384615384 0.5408653846153846 0.07692307692307693 0.08173076923076923
32 0.6129807692307693 0.19831730769230768 0.09615384615384616 0.04567307692307692
24 0.7139423076923077 0.6358173076923077 0.0673076923076923 0.0889423076923077
4 0.8377403846153846 0.30288461538461536 0.06490384615384616 0.0673076923076923
4 0.33413461538461536 0.7103365384615384 0.0625 0.06490384615384616
32 0.8954326923076923 0.18269230769230768 0.06490384615384616 0.014423076923076924