8 0.7259615384615384 0.18629807692307693 0.04326923076923077 0.021634615384615384
32 0.8425480769230769 0.20192307692307693 0.0985576923076923 0.052884615384615384
24 0.9543269230769231 0.25240384615384615 0.0625 0.08653846153846154
16 0.12620192307692307 0.2704326923076923 0.07451923076923077 0.06490384615384616
35 0.056490384615384616 0.3449519230769231 0.0889423076923077 0.09375
8 0.8786057692307693 0.35336538461538464 0.07451923076923077 0.07211538461538461
24 0.6526442307692307 0.3581730769230769 0.07932692307692307 0.08173076923076923
28 0.3701923076923077 0.3713942307692308 0.10096153846153846 0.06971153846153846
20 0.5204326923076923 0.4170673076923077 0.07932692307692307 0.07932692307692307
12 0.25 0.4326923076923077 0.04326923076923077 0.10576923076923077
24 0.96875 0.4567307692307692 0.0625 0.08653846153846154
28 0.7548076923076923 0.4735576923076923 0.08173076923076923 0.08173076923076923
4 0.03245192307692308 0.4735576923076923 0.06490384615384616 0.0673076923076923
16 0.15144230769230768 0.49158653846153844 0.07692307692307693 0.06971153846153846
35 0.46875 0.5072115384615384 0.09134615384615384 0.09134615384615384
28 0.8509615384615384 0.5384615384615384 0.07692307692307693 0.09134615384615384
4 0.6346153846153846 0.5456730769230769 0.0673076923076923 0.0673076923076923
32 0.3299759615384615 0.551514423076923 0.0552903395432692 0.09373272235576927
20 0.7367788461538461 0.5877403846153846 0.06971153846153846 0.07451923076923077
20 0.5492788461538461 0.6069711538461539 0.07932692307692307 0.07932692307692307