4 0.29927884615384615 0.19951923076923078 0.06490384615384616 0.04807692307692308
12 0.21394230769230768 0.24879807692307693 0.09134615384615384 0.06490384615384616
16 0.6947115384615384 0.2860576923076923 0.0625 0.07211538461538461
12 0.5925480769230769 0.29447115384615385 0.04567307692307692 0.10336538461538461
28 0.3137019230769231 0.3173076923076923 0.07451923076923077 0.09615384615384616
12 0.41947115384615385 0.328125 0.05048076923076923 0.0985576923076923
35 0.8173076923076923 0.3762019230769231 0.07692307692307693 0.08413461538461539
35 0.042067307692307696 0.38221153846153844 0.08413461538461539 0.09615384615384616
32 0.17548076923076922 0.39783653846153844 0.09134615384615384 0.06971153846153846
32 0.46274038461538464 0.4074519230769231 0.07932692307692307 0.0889423076923077
8 0.5396634615384616 0.4411057692307692 0.055288461538461536 0.0889423076923077
35 0.013221153846153846 0.4567307692307692 0.026442307692307692 0.09134615384615384
20 0.2103125 0.4701201923076924 0.07933293269230769 0.06973106971153847
8 0.2620192307692308 0.5264423076923077 0.08173076923076923 0.0625