4 0.007211538461538462 0.1814903846153846 0.014423076923076924 0.01201923076923077
24 0.6550480769230769 0.1875 0.0889423076923077 0.02403846153846154
20 0.06009615384615385 0.22956730769230768 0.07692307692307693 0.07932692307692307
35 0.6694711538461539 0.2704326923076923 0.08413461538461539 0.0889423076923077
16 0.5348557692307693 0.30408653846153844 0.06971153846153846 0.07451923076923077
32 0.12980769230769232 0.3233173076923077 0.0673076923076923 0.09375
24 0.7920673076923077 0.3269230769230769 0.0889423076923077 0.0673076923076923
32 0.026442307692307692 0.3629807692307692 0.052884615384615384 0.09615384615384616
28 0.43028846153846156 0.37740384615384615 0.08653846153846154 0.08173076923076923
32 0.6286057692307693 0.39302884615384615 0.06490384615384616 0.09375
24 0.14423076923076922 0.4362980769230769 0.057692307692307696 0.09375
28 0.3233173076923077 0.4483173076923077 0.07451923076923077 0.08413461538461539
28 0.04567307692307692 0.4879807692307692 0.07211538461538461 0.09615384615384616
8 0.9771634615384616 0.5408653846153846 0.04567307692307692 0.08653846153846154
24 0.7728365384615384 0.5600961538461539 0.06009615384615385 0.09134615384615384