28 0.9194711538461539 0.20192307692307693 0.09375 0.052884615384615384
16 0.765625 0.2800480769230769 0.06971153846153846 0.07451923076923077
4 0.9158653846153846 0.29927884615384615 0.0673076923076923 0.06971153846153846
32 0.14783653846153846 0.30649038461538464 0.09375 0.06971153846153846
16 0.6069711538461539 0.36778846153846156 0.06490384615384616 0.07211538461538461
20 0.7956730769230769 0.38822115384615385 0.07211538461538461 0.07932692307692307
32 0.19110576923076922 0.4074519230769231 0.07451923076923077 0.08413461538461539
12 0.0673076923076923 0.42788461538461536 0.052884615384615384 0.09134615384615384
4 0.7043269230769231 0.4326923076923077 0.0673076923076923 0.0673076923076923
24 0.2668269230769231 0.46875 0.08173076923076923 0.07692307692307693
28 0.6141826923076923 0.5120192307692307 0.09375 0.07692307692307693
35 0.16826923076923078 0.5360576923076923 0.08173076923076923 0.08653846153846154
20 0.020432692307692308 0.5637019230769231 0.040865384615384616 0.07932692307692307
8 0.10336538461538461 0.5877403846153846 0.052884615384615384 0.07451923076923077
8 0.24879807692307693 0.6189903846153846 0.055288461538461536 0.08413461538461539
35 0.5769230769230769 0.640625 0.07692307692307693 0.08413461538461539
4 0.6790865384615384 0.6694711538461539 0.06490384615384616 0.06490384615384616
12 0.1201923076923077 0.6814903846153846 0.08173076923076923 0.08413461538461539
24 0.33774038461538464 0.734375 0.0889423076923077 0.06490384615384616
8 0.5096153846153846 0.765625 0.0673076923076923 0.07932692307692307
12 0.15865384615384615 0.8064903846153846 0.09134615384615384 0.036057692307692304
12 0.2620192307692308 0.8052884615384616 0.0673076923076923 0.038461538461538464