16 0.30408653846153844 0.18870192307692307 0.07451923076923077 0.026442307692307692
32 0.1875 0.20793269230769232 0.09615384615384616 0.055288461538461536
12 0.30408653846153844 0.27163461538461536 0.0985576923076923 0.04807692307692308
28 0.6766826923076923 0.27283653846153844 0.0889423076923077 0.07932692307692307
8 0.27163461538461536 0.42908653846153844 0.08173076923076923 0.05048076923076923
12 0.7331730769230769 0.6466346153846154 0.052884615384615384 0.10096153846153846
20 0.8665865384615384 0.7512019230769231 0.07451923076923077 0.07451923076923077
4 0.4699519230769231 0.7776442307692307 0.06490384615384616 0.06490384615384616
12 0.7355769230769231 0.7788461538461539 0.10096153846153846 0.04807692307692308
4 0.5685096153846154 0.7788461538461539 0.06971153846153846 0.0673076923076923
20 0.6802884615384616 0.8137019230769231 0.07692307692307693 0.021634615384615384
8 0.28725961538461536 0.8112980769230769 0.04567307692307692 0.026442307692307692
20 0.390625 0.8185096153846154 0.07451923076923077 0.01201923076923077