8 0.5637019230769231 0.41947115384615385 0.07451923076923077 0.06971153846153846
35 0.09735576923076923 0.5444711538461539 0.07932692307692307 0.08413461538461539
8 0.8557692307692307 0.5877403846153846 0.07211538461538461 0.07932692307692307
4 0.33653846153846156 0.6081730769230769 0.0673076923076923 0.0673076923076923
24 0.7632211538461539 0.6310096153846154 0.07932692307692307 0.07932692307692307
8 0.9723557692307693 0.6526442307692307 0.055288461538461536 0.05048076923076923
12 0.6322115384615384 0.6887019230769231 0.09615384615384616 0.040865384615384616
28 0.34615384615384615 0.7115384615384616 0.09615384615384616 0.08173076923076923
20 0.21153846153846154 0.71875 0.08173076923076923 0.07211538461538461
12 0.7247596153846154 0.7548076923076923 0.06971153846153846 0.09615384615384616
24 0.5024038461538461 0.7716346153846154 0.08653846153846154 0.0625
32 0.9903846153846154 0.7776442307692307 0.019230769230769232 0.07451923076923077
4 0.0673076923076923 0.7932692307692307 0.0673076923076923 0.0625
4 0.25841346153846156 0.8004807692307693 0.06490384615384616 0.04807692307692308