29 0.9014423076923077 0.19230769230769232 0.09134615384615384 0.03365384615384615
36 0.23918269230769232 0.21033653846153846 0.06490384615384616 0.06971153846153846
36 0.6394230769230769 0.22115384615384615 0.07211538461538461 0.09134615384615384
13 0.5145192307692307 0.24639423076923078 0.06248197115384617 0.09376577524038462
21 0.34786057692307704 0.25730769230769224 0.1009596604567308 0.06253230168269233
5 0.11774038461538466 0.26512019230769224 0.07210975060096156 0.0817394080528846
17 0.7649759615384616 0.28492788461538454 0.09374699519230763 0.10339393028846158
13 0.1880288461538462 0.3864663461538461 0.0985456730769231 0.060101036658653885
21 0.5551442307692309 0.4572836538461539 0.09616323617788461 0.1105739182692307
33 0.19375000000000006 0.4723798076923077 0.10096041165865387 0.06967998798076923
17 0.4040865384615385 0.5265384615384614 0.09616173377403843 0.10099496694711536
9 0.5285336538461538 0.5911057692307692 0.08651705228365386 0.057718224158653936
5 0.18269230769230768 0.7836538461538461 0.07692307692307693 0.08173076923076923