21 0.20793269230769232 0.18990384615384615 0.07451923076923077 0.028846153846153848
21 0.9435096153846154 0.19951923076923078 0.11298076923076923 0.04807692307692308
17 0.38822115384615385 0.23076923076923078 0.10817307692307693 0.07211538461538461
17 0.23197115384615385 0.265625 0.11298076923076923 0.07451923076923077
17 0.4362980769230769 0.32091346153846156 0.10817307692307693 0.07451923076923077
21 0.31971153846153844 0.3798076923076923 0.10096153846153846 0.11057692307692307
25 0.1658653846153846 0.3894230769230769 0.08653846153846154 0.11057692307692307
9 0.4570913461538461 0.42502403846153847 0.09615159254807701 0.02883864182692305
33 0.33413461538461536 0.5120192307692307 0.11057692307692307 0.08173076923076923
33 0.29086538461538464 0.7632211538461539 0.09615384615384616 0.10817307692307693
33 0.578125 0.7728365384615384 0.07932692307692307 0.10336538461538461