4 0.8485576923076923 0.4206730769230769 0.0625 0.0673076923076923
4 0.7680288461538461 0.42427884615384615 0.06009615384615385 0.06971153846153846
24 0.44471153846153844 0.4254807692307692 0.057692307692307696 0.09134615384615384
16 0.6069711538461539 0.4266826923076923 0.055288461538461536 0.06971153846153846
28 0.9302884615384616 0.4266826923076923 0.0625 0.0985576923076923
8 0.1201923076923077 0.4266826923076923 0.038461538461538464 0.0889423076923077
24 0.20192307692307693 0.4266826923076923 0.057692307692307696 0.09375
32 0.28125 0.4266826923076923 0.052884615384615384 0.09375
12 0.36177884615384615 0.4266826923076923 0.06009615384615385 0.0985576923076923
35 0.6862980769230769 0.42788461538461536 0.06971153846153846 0.08653846153846154
28 0.9879807692307693 0.42788461538461536 0.02403846153846154 0.10096153846153846
20 0.039663461538461536 0.42788461538461536 0.06490384615384616 0.07692307692307693
32 0.5252403846153846 0.42788461538461536 0.055288461538461536 0.09615384615384616