35 0.14302884615384615 0.18389423076923078 0.07932692307692307 0.016826923076923076
32 0.2536057692307692 0.18629807692307693 0.07451923076923077 0.021634615384615384
20 0.41466346153846156 0.18389423076923078 0.06490384615384616 0.016826923076923076
12 0.01201923076923077 0.234375 0.02403846153846154 0.07451923076923077
28 0.1201923076923077 0.24639423076923078 0.09615384615384616 0.06490384615384616
28 0.6141826923076923 0.25961538461538464 0.07451923076923077 0.09615384615384616
28 0.38822115384615385 0.2800480769230769 0.07451923076923077 0.09375
16 0.7271634615384616 0.3233173076923077 0.07451923076923077 0.06009615384615385
35 0.2860576923076923 0.3389423076923077 0.08653846153846154 0.08653846153846154
8 0.6153846153846154 0.36778846153846156 0.08653846153846154 0.052884615384615384
4 0.6899038461538461 0.4483173076923077 0.0625 0.06490384615384616
24 0.7692307692307693 0.484375 0.08173076923076923 0.08413461538461539
12 0.8954326923076923 0.49759615384615385 0.05048076923076923 0.10096153846153846
12 0.7980769230769231 0.5985576923076923 0.09615384615384616 0.0625