8 0.11658653846153846 0.34975961538461536 0.04567307692307692 0.08413461538461539
12 0.0889423076923077 0.4963942307692308 0.09615384615384616 0.04567307692307692
16 0.6670673076923077 0.21394230769230768 0.07451923076923077 0.07211538461538461
28 0.36658653846153844 0.38341346153846156 0.0985576923076923 0.06971153846153846
12 0.6225961538461539 0.796875 0.0625 0.055288461538461536
32 0.3389423076923077 0.5420673076923077 0.057692307692307696 0.0985576923076923
8 0.5865384615384616 0.5889423076923077 0.057692307692307696 0.08173076923076923
32 0.3545673076923077 0.2692307692307692 0.07451923076923077 0.09134615384615384
24 0.7512019230769231 0.2644230769230769 0.0889423076923077 0.07692307692307693
35 0.6105769230769231 0.7067307692307693 0.07692307692307693 0.08653846153846154
20 0.2512019230769231 0.6117788461538461 0.06971153846153846 0.07932692307692307
16 0.6682692307692307 0.5240384615384616 0.0625 0.07211538461538461
16 0.46033653846153844 0.6694711538461539 0.06971153846153846 0.07451923076923077
4 0.5240384615384616 0.20192307692307693 0.0625 0.052884615384615384