22 0.7872596153846154 0.17908653846153846 0.0889423076923077 0.007211538461538462
18 0.6622596153846154 0.18629807692307693 0.05048076923076923 0.021634615384615384
10 0.8930288461538461 0.2091346153846154 0.052884615384615384 0.06253756009615384
18 0.4423076923076923 0.2283653846153846 0.052884615384615384 0.057692307692307696
26 0.5552884615384616 0.25600961538461536 0.052884615384615384 0.055288461538461536
30 0.71875 0.27283653846153844 0.04326923076923077 0.07932692307692307
26 0.640625 0.31490384615384615 0.05048076923076923 0.057692307692307696
18 0.8100961538461539 0.33533653846153844 0.057692307692307696 0.05048076923076923
6 0.9314903846153846 0.3449519230769231 0.06971153846153846 0.06009615384615385
10 0.49759615384615385 0.35336538461538464 0.057692307692307696 0.057692307692307696
22 0.7067307692307693 0.41346153846153844 0.0673076923076923 0.09134615384615384
26 0.5769230769230769 0.44711538461538464 0.052884615384615384 0.052884615384615384