20 0.5180288461538461 0.20432692307692307 0.07451923076923077 0.057692307692307696
24 0.5949519230769231 0.26322115384615385 0.08413461538461539 0.07451923076923077
35 0.5084134615384616 0.31490384615384615 0.08413461538461539 0.08653846153846154
8 0.4074519230769231 0.35336538461538464 0.06009615384615385 0.07692307692307693
8 0.5588942307692307 0.4387019230769231 0.040865384615384616 0.09375
35 0.4543269230769231 0.4855769230769231 0.09134615384615384 0.08173076923076923
16 0.3449519230769231 0.49038461538461536 0.06009615384615385 0.07211538461538461
28 0.04447115384615385 0.515625 0.0889423076923077 0.07932692307692307
24 0.7055288461538461 0.5252403846153846 0.06971153846153846 0.0889423076923077
28 0.5625 0.5588942307692307 0.09134615384615384 0.07932692307692307
12 0.24278846153846154 0.5853365384615384 0.04326923076923077 0.0985576923076923
35 0.39783653846153844 0.6021634615384616 0.0889423076923077 0.07932692307692307
20 0.9074519230769231 0.671875 0.07932692307692307 0.06971153846153846
24 0.5985576923076923 0.6778846153846154 0.07692307692307693 0.08653846153846154
35 0.2920673076923077 0.6814903846153846 0.0889423076923077 0.08413461538461539
12 0.1622596153846154 0.6838942307692307 0.06971153846153846 0.08413461538461539
28 0.21391826923076926 0.7660817307692309 0.08655348557692306 0.07211313100961547
20 0.11538461538461539 0.8004807692307693 0.08173076923076923 0.04807692307692308
32 0.31009615384615385 0.8209134615384616 0.08173076923076923 0.007211538461538462