13 0.8725961538461539 0.18629807692307693 0.09615384615384616 0.021634615384615384
21 0.609375 0.20673076923076922 0.10817307692307693 0.0625
25 0.9555288461538461 0.2764423076923077 0.0889423076923077 0.07692307692307693
33 0.390625 0.3088942307692308 0.09375 0.10817307692307693
25 0.4735576923076923 0.41466346153846156 0.11057692307692307 0.10336538461538461
33 0.3137019230769231 0.4519230769230769 0.11298076923076923 0.08173076923076923
13 0.15745192307692307 0.5180288461538461 0.09375 0.07932692307692307
21 0.5516826923076923 0.6033653846153846 0.07932692307692307 0.11057692307692307
5 0.6430288461538461 0.6622596153846154 0.06971153846153846 0.09375
13 0.018028846153846152 0.6658653846153846 0.036057692307692304 0.07211538461538461
9 0.4483173076923077 0.6862980769230769 0.08413461538461539 0.06971153846153846
9 0.6514423076923077 0.7848557692307693 0.07211538461538461 0.07932692307692307
33 0.5504807692307693 0.8185096153846154 0.10576923076923077 0.01201923076923077
17 0.040865384615384616 0.8197115384615384 0.08173076923076923 0.009615384615384616