4 0.2247596153846154 0.2800480769230769 0.06490384615384616 0.06490384615384616
12 0.6286057692307693 0.3137019230769231 0.0985576923076923 0.040865384615384616
16 0.5180288461538461 0.3401442307692308 0.06490384615384616 0.07451923076923077
12 0.15264423076923078 0.36658653846153844 0.04567307692307692 0.0889423076923077
24 0.20552884615384615 0.4362980769230769 0.08413461538461539 0.0889423076923077
32 0.7920673076923077 0.4375 0.06971153846153846 0.09134615384615384
16 0.7019230769230769 0.4483173076923077 0.0673076923076923 0.07451923076923077
24 0.09254807692307693 0.45552884615384615 0.07932692307692307 0.08413461538461539
8 0.037259615384615384 0.53125 0.07451923076923077 0.07211538461538461
20 0.25841346153846156 0.546875 0.07932692307692307 0.06971153846153846
8 0.43149038461538464 0.5612980769230769 0.04567307692307692 0.0889423076923077
12 0.1466346153846154 0.59375 0.0625 0.09134615384615384
32 0.5324519230769231 0.625 0.07451923076923077 0.08653846153846154
20 0.33225961538461546 0.6252163461538461 0.08411846454326923 0.07452298677884617
4 0.23076923076923078 0.6646634615384616 0.0673076923076923 0.06490384615384616
32 0.08413461538461539 0.6899038461538461 0.08653846153846154 0.08173076923076923
28 0.4182692307692308 0.7043269230769231 0.07211538461538461 0.09615384615384616
20 0.15985576923076922 0.7439903846153846 0.07451923076923077 0.07932692307692307
8 0.6694711538461539 0.7752403846153846 0.06490384615384616 0.07451923076923077
35 0.8978365384615384 0.8149038461538461 0.0889423076923077 0.019230769230769232
28 0.4110576923076923 0.8185096153846154 0.08653846153846154 0.01201923076923077