28 0.6923076923076923 0.7920673076923077 0.07211538461538461 0.06490384615384616
28 0.12259615384615384 0.4651442307692308 0.09134615384615384 0.07451923076923077
8 0.3004807692307692 0.1935096153846154 0.08173076923076923 0.036057692307692304
24 0.038461538461538464 0.2620192307692308 0.07692307692307693 0.07692307692307693
28 0.7163461538461539 0.2644230769230769 0.09134615384615384 0.07211538461538461
16 0.37259615384615385 0.43149038461538464 0.07211538461538461 0.07451923076923077
28 0.6550480769230769 0.5192307692307693 0.0889423076923077 0.0673076923076923
16 0.016826923076923076 0.6947115384615384 0.03365384615384615 0.07211538461538461
32 0.30408653846153844 0.4951923076923077 0.08413461538461539 0.08653846153846154
24 0.9855769230769231 0.45913461538461536 0.028846153846153848 0.0625
4 0.6262019230769231 0.6069711538461539 0.06490384615384616 0.06009615384615385
12 0.5588942307692307 0.33413461538461536 0.07932692307692307 0.08173076923076923
35 0.23317307692307693 0.6826923076923077 0.08653846153846154 0.07692307692307693