24 0.609375 0.24639423076923078 0.08413461538461539 0.07932692307692307
28 0.5024038461538461 0.2608173076923077 0.0673076923076923 0.0889423076923077
8 0.12185096153846167 0.2744951923076923 0.057703951322115365 0.08171837439903842
24 0.026442307692307692 0.28725961538461536 0.052884615384615384 0.08413461538461539
4 0.8629807692307693 0.34134615384615385 0.0673076923076923 0.0673076923076923
20 0.5841346153846154 0.34615384615384615 0.07692307692307693 0.07211538461538461
32 0.06610576923076923 0.3762019230769231 0.08413461538461539 0.08413461538461539
35 0.3473557692307692 0.4014423076923077 0.08413461538461539 0.08653846153846154
12 0.7716346153846154 0.4098557692307692 0.09615384615384616 0.04567307692307692
32 0.19831730769230768 0.41586538461538464 0.0889423076923077 0.08173076923076923
16 0.48677884615384615 0.4206730769230769 0.07451923076923077 0.07211538461538461
16 0.6105769230769231 0.4651442307692308 0.07211538461538461 0.07932692307692307
35 0.4052884615384616 0.48774038461538455 0.0985501802884615 0.09135366586538464
16 0.7752403846153846 0.5372596153846154 0.07932692307692307 0.06490384615384616
8 0.020432692307692308 0.5564903846153846 0.040865384615384616 0.07932692307692307
12 0.9663461538461539 0.6009615384615384 0.0673076923076923 0.04807692307692308
4 0.59375 0.6117788461538461 0.0673076923076923 0.06490384615384616
4 0.90625 0.6502403846153846 0.0673076923076923 0.06490384615384616
16 0.7680288461538461 0.6514423076923077 0.07451923076923077 0.07211538461538461
32 0.7980769230769231 0.7848557692307693 0.09615384615384616 0.055288461538461536
20 0.6021634615384616 0.7956730769230769 0.07932692307692307 0.057692307692307696
20 0.6995192307692307 0.8064903846153846 0.0625 0.036057692307692304
12 0.4855769230769231 0.8233173076923077 0.08173076923076923 0.002403846153846154