16 0.9723557692307693 0.8064903846153846 0.055288461538461536 0.036057692307692304
12 0.2283653846153846 0.5132211538461539 0.0673076923076923 0.09375
24 0.27524038461538464 0.7331730769230769 0.08413461538461539 0.0625
8 0.6430288461538461 0.29086538461538464 0.08413461538461539 0.052884615384615384
8 0.31490384615384615 0.5348557692307693 0.04326923076923077 0.0889423076923077
28 0.4411057692307692 0.4831730769230769 0.08413461538461539 0.08173076923076923
8 0.4206730769230769 0.8028846153846154 0.0673076923076923 0.04326923076923077
28 0.8305288461538461 0.6430288461538461 0.09375 0.07451923076923077
24 0.47836538461538464 0.6802884615384616 0.0625 0.08173076923076923
12 0.18870192307692307 0.6742788461538461 0.07451923076923077 0.08413461538461539
8 0.5132211538461539 0.296875 0.040865384615384616 0.0889423076923077
32 0.042067307692307696 0.49038461538461536 0.08413461538461539 0.0625
35 0.13942307692307693 0.5084134615384616 0.07211538461538461 0.08413461538461539
16 0.9627403846153846 0.6346153846153846 0.07451923076923077 0.0673076923076923
4 0.8209134615384616 0.30528846153846156 0.06490384615384616 0.0625
4 0.3016826923076923 0.2644230769230769 0.06490384615384616 0.0673076923076923
35 0.14182692307692307 0.2692307692307692 0.07692307692307693 0.08653846153846154
35 0.6382211538461539 0.5805288461538461 0.0889423076923077 0.08413461538461539