22 0.2824519230769231 0.18629807692307693 0.0889423076923077 0.021634615384615384
26 0.5456730769230769 0.18389423076923078 0.052884615384615384 0.016826923076923076
10 0.13221153846153846 0.20793269230769232 0.06246243990384615 0.057692307692307696
22 0.3629807692307692 0.21995192307692307 0.08653846153846154 0.07932692307692307
6 0.2247596153846154 0.23677884615384615 0.06490384615384616 0.0673076923076923
30 0.4651442307692308 0.2512019230769231 0.04567307692307692 0.06490384615384616
6 0.5456730769230769 0.2620192307692308 0.06246243990384615 0.07211538461538461
26 0.14543269230769232 0.30288461538461536 0.052884615384615384 0.052884615384615384
10 0.2860576923076923 0.30288461538461536 0.057692307692307696 0.057692307692307696
14 0.38822115384615385 0.3125 0.05048076923076923 0.057692307692307696
14 0.5228365384615384 0.3545673076923077 0.05048076923076923 0.05048076923076923
14 0.22956730769230768 0.3641826923076923 0.05048076923076923 0.055288461538461536
30 0.43149038461538464 0.4098557692307692 0.04567307692307692 0.06490384615384616
10 0.31490384615384615 0.41586538461538464 0.052884615384615384 0.057692307692307696