29 0.21514423076923078 0.19831730769230768 0.11298076923076923 0.04567307692307692
21 0.09312500000000003 0.2608173076923077 0.08892427884615386 0.10817307692307693
25 0.03245192307692308 0.3485576923076923 0.06490384615384616 0.11538461538461539
36 0.21634615384615385 0.36177884615384615 0.08173076923076923 0.11298076923076923
13 0.9452644230769232 0.4084615384615385 0.0889490685096154 0.08172325721153843
21 0.8269230769230769 0.4519230769230769 0.10096153846153846 0.10096153846153846
33 0.7163461538461539 0.4987980769230769 0.10096153846153846 0.10336538461538461
9 0.018028846153846152 0.5793269230769231 0.036057692307692304 0.09134615384615384
13 0.8137019230769231 0.5949519230769231 0.08413461538461539 0.0985576923076923
5 0.6959134615384616 0.6334134615384616 0.06971153846153846 0.09375
25 0.2848557692307692 0.734375 0.10817307692307693 0.10336538461538461
36 0.8317307692307693 0.7451923076923077 0.07692307692307693 0.1201923076923077