13 0.2956730769230769 0.203125 0.08653846153846154 0.055288461538461536
9 0.039663461538461536 0.19591346153846154 0.07932692307692307 0.03125
36 0.008413461538461538 0.3076923076923077 0.016826923076923076 0.11538461538461539
21 0.8557692307692307 0.4026442307692308 0.11538461538461539 0.08413461538461539
36 0.04567307692307692 0.4098557692307692 0.09134615384615384 0.10817307692307693
17 0.6009615384615384 0.4326923076923077 0.11057692307692307 0.07211538461538461
25 0.817860576923077 0.4833894230769232 0.10338115985576916 0.0817326472355769
17 0.6622596153846154 0.5588942307692307 0.11298076923076923 0.0889423076923077
5 0.37740384615384615 0.5637019230769231 0.07692307692307693 0.0889423076923077
5 0.8064903846153846 0.5743509615384614 0.0841665414663461 0.07692908653846153
33 0.6054086538461539 0.6425 0.11056565504807689 0.08895920973557689
13 0.7596153846153846 0.6586538461538461 0.10096153846153846 0.07211538461538461
25 0.4519230769230769 0.6959134615384616 0.11057692307692307 0.11298076923076923
33 0.9651442307692307 0.7391826923076923 0.06971153846153846 0.11298076923076923
9 0.8521634615384616 0.7728365384615384 0.0985576923076923 0.06490384615384616
29 0.38103365384615384 0.776658653846154 0.10340144230769227 0.09374737079326924
5 0.1502403846153846 0.8125 0.0889423076923077 0.02403846153846154