8 0.21754807692307693 0.7992788461538461 0.040865384615384616 0.05048076923076923
12 0.7800480769230769 0.8076923076923077 0.0985576923076923 0.03365384615384615
16 0.8004807692307693 0.4567307692307692 0.07211538461538461 0.0625
28 0.5204326923076923 0.5540865384615384 0.06971153846153846 0.0889423076923077
8 0.35096153846153844 0.45072115384615385 0.07692307692307693 0.06971153846153846
32 0.5396634615384616 0.8233173076923077 0.055288461538461536 0.002403846153846154
4 0.5384615384615384 0.6670673076923077 0.0625 0.06490384615384616
28 0.013221153846153846 0.5084134615384616 0.026442307692307692 0.0889423076923077
35 0.5973557692307693 0.5384615384615384 0.07451923076923077 0.08653846153846154
35 0.5276442307692307 0.2091346153846154 0.08413461538461539 0.0673076923076923
32 0.41225961538461536 0.1875 0.0889423076923077 0.02403846153846154
35 0.6730769230769231 0.3954326923076923 0.08653846153846154 0.0889423076923077
20 0.43028846153846156 0.6826923076923077 0.0673076923076923 0.07692307692307693