28 0.3737980769230769 0.25961538461538464 0.07932692307692307 0.08653846153846154
24 0.6045673076923077 0.8209134615384616 0.07932692307692307 0.007211538461538462
12 0.4050480769230769 0.8185096153846154 0.06490384615384616 0.01201923076923077
12 0.9831730769230769 0.7764423076923077 0.03365384615384615 0.08173076923076923
28 0.03125 0.5444711538461539 0.0625 0.09375
16 0.4483173076923077 0.43149038461538464 0.06490384615384616 0.07451923076923077
8 0.3016826923076923 0.18990384615384615 0.06971153846153846 0.028846153846153848
32 0.5444711538461539 0.7584134615384616 0.09375 0.055288461538461536
16 0.15384615384615385 0.796875 0.07692307692307693 0.055288461538461536
8 0.9158653846153846 0.46875 0.04326923076923077 0.09134615384615384
32 0.5432692307692307 0.43028846153846156 0.07692307692307693 0.09134615384615384
32 0.953125 0.34375 0.07932692307692307 0.08653846153846154
35 0.234375 0.41225961538461536 0.07932692307692307 0.08413461538461539
32 0.2860576923076923 0.5024038461538461 0.09134615384615384 0.07692307692307693