12 0.11298076923076923 0.8137019230769231 0.09615384615384616 0.021634615384615384
16 0.33413461538461536 0.5216346153846154 0.07692307692307693 0.07211538461538461
28 0.18509615384615385 0.7271634615384616 0.07692307692307693 0.09375
16 0.9387019230769231 0.59375 0.06971153846153846 0.07211538461538461
24 0.25961538461538464 0.5985576923076923 0.08173076923076923 0.08653846153846154
32 0.8689903846153846 0.7764423076923077 0.08413461538461539 0.08653846153846154
16 0.9771634615384616 0.3605769230769231 0.04567307692307692 0.07211538461538461
28 0.3894230769230769 0.8052884615384616 0.0673076923076923 0.038461538461538464
24 0.8846153846153846 0.35096153846153844 0.08653846153846154 0.0625
24 0.8713942307692307 0.6730769230769231 0.08413461538461539 0.0673076923076923
28 0.9747596153846154 0.6814903846153846 0.05048076923076923 0.0889423076923077
8 0.6021634615384616 0.5252403846153846 0.07932692307692307 0.06490384615384616
8 0.15264423076923078 0.4182692307692308 0.06009615384615385 0.08173076923076923
4 0.31490384615384615 0.6610576923076923 0.0673076923076923 0.0673076923076923
32 0.7752403846153846 0.75 0.07932692307692307 0.08653846153846154
16 0.7740384615384616 0.20192307692307693 0.07211538461538461 0.052884615384615384
24 0.22596153846153846 0.2980769230769231 0.0625 0.08653846153846154
4 0.7355769230769231 0.6105769230769231 0.0625 0.0625
4 0.18509615384615385 0.5432692307692307 0.0625 0.0625
20 0.016826923076923076 0.5925480769230769 0.03365384615384615 0.07932692307692307
4 0.8449519230769231 0.25841346153846156 0.06490384615384616 0.06971153846153846
32 0.5144230769230769 0.8028846153846154 0.07211538461538461 0.04326923076923077
32 0.2608173076923077 0.4266826923076923 0.055288461538461536 0.09375
35 0.3629807692307692 0.33774038461538464 0.08173076923076923 0.08413461538461539
20 0.13942307692307693 0.6442307692307693 0.07692307692307693 0.07692307692307693