24 0.6045673076923077 0.21394230769230768 0.07932692307692307 0.07692307692307693
12 0.4050480769230769 0.21634615384615385 0.06490384615384616 0.08173076923076923
28 0.16105769230769232 0.5576923076923077 0.09134615384615384 0.0625
20 0.5084134615384616 0.25600961538461536 0.07451923076923077 0.06971153846153846
16 0.08173076923076923 0.30408653846153844 0.07692307692307693 0.06490384615384616
16 0.15384615384615385 0.18629807692307693 0.07692307692307693 0.021634615384615384
20 0.0673076923076923 0.5721153846153846 0.0625 0.07211538461538461
35 0.02283653846153846 0.46634615384615385 0.04567307692307692 0.08653846153846154
8 0.27163461538461536 0.515625 0.07211538461538461 0.07451923076923077
4 0.796875 0.3737980769230769 0.06490384615384616 0.06490384615384616
35 0.5673076923076923 0.35096153846153844 0.08653846153846154 0.07211538461538461
4 0.24519230769230768 0.234375 0.0673076923076923 0.06490384615384616