20 0.17548076923076922 0.8100961538461539 0.07692307692307693 0.028846153846153848
24 0.3713942307692308 0.6370192307692307 0.06971153846153846 0.09134615384615384
8 0.2536057692307692 0.7836538461538461 0.08413461538461539 0.052884615384615384
28 0.3713942307692308 0.8088942307692307 0.07932692307692307 0.03125
8 0.2980769230769231 0.18870192307692307 0.052884615384615384 0.026442307692307692
12 0.07091346153846154 0.5961538461538461 0.09375 0.07692307692307693
4 0.53125 0.19471153846153846 0.0673076923076923 0.038461538461538464
24 0.2403846153846154 0.6382211538461539 0.08653846153846154 0.06009615384615385
16 0.9747596153846154 0.24519230769230768 0.05048076923076923 0.07211538461538461
20 0.6514423076923077 0.8052884615384616 0.08173076923076923 0.038461538461538464
8 0.34975961538461536 0.3798076923076923 0.040865384615384616 0.08653846153846154
20 0.25721153846153844 0.28725961538461536 0.07211538461538461 0.07932692307692307
4 0.46033653846153844 0.7271634615384616 0.06490384615384616 0.06971153846153846
35 0.3485576923076923 0.4951923076923077 0.09134615384615384 0.07692307692307693