16 0.15865384615384615 0.8064903846153846 0.07692307692307693 0.036057692307692304
12 0.07091346153846154 0.6418269230769231 0.09375 0.04807692307692308
28 0.140625 0.7007211538461539 0.07451923076923077 0.0985576923076923
16 0.021634615384615384 0.5384615384615384 0.04326923076923077 0.07211538461538461
28 0.9831730769230769 0.39903846153846156 0.03365384615384615 0.09615384615384616
12 0.3076923076923077 0.4579326923076923 0.0673076923076923 0.09375
4 0.9002403846153846 0.3942307692307692 0.06490384615384616 0.07211538461538461
16 0.23677884615384615 0.7139423076923077 0.07451923076923077 0.07692307692307693
12 0.24278846153846154 0.34375 0.07211538461538461 0.09134615384615384
20 0.25841346153846156 0.6009615384615384 0.07451923076923077 0.08173076923076923
4 0.009615384615384616 0.7512019230769231 0.019230769230769232 0.06490384615384616
35 0.8329326923076923 0.49759615384615385 0.08413461538461539 0.08653846153846154