16 0.5817307692307693 0.18629807692307693 0.07211538461538461 0.021634615384615384
8 0.49278846153846156 0.2247596153846154 0.08653846153846154 0.05048076923076923
24 0.5913461538461539 0.3401442307692308 0.07211538461538461 0.0889423076923077
4 0.32572115384615385 0.35216346153846156 0.06490384615384616 0.06971153846153846
8 0.47475961538461536 0.359375 0.07932692307692307 0.05048076923076923
4 0.19591346153846154 0.44471153846153844 0.06490384615384616 0.0625
20 0.33653846153846156 0.4567307692307692 0.07692307692307693 0.0673076923076923
20 0.5913461538461539 0.49038461538461536 0.07692307692307693 0.0673076923076923
16 0.44350961538461536 0.5048076923076923 0.07451923076923077 0.07211538461538461
8 0.23918269230769232 0.5348557692307693 0.07932692307692307 0.06490384615384616
20 0.9927884615384616 0.5661057692307693 0.014423076923076924 0.07451923076923077
12 0.3284615384615384 0.578125 0.03846266526442303 0.09858173076923074
35 0.5276442307692307 0.5829326923076923 0.07932692307692307 0.07451923076923077
12 0.6442307692307693 0.5841346153846154 0.09134615384615384 0.057692307692307696
16 0.41557692307692307 0.6139182692307692 0.07213491586538463 0.06972092848557693
24 0.921875 0.6322115384615384 0.07932692307692307 0.08653846153846154
4 0.7223557692307693 0.6646634615384616 0.06490384615384616 0.06490384615384616
28 0.9879807692307693 0.6802884615384616 0.02403846153846154 0.08173076923076923
12 0.6117788461538461 0.6850961538461539 0.0889423076923077 0.0673076923076923
20 0.5180288461538461 0.6850961538461539 0.06971153846153846 0.07692307692307693
24 0.3004807692307692 0.7067307692307693 0.0673076923076923 0.08653846153846154
32 0.06610576923076923 0.7307692307692307 0.06009615384615385 0.09615384615384616
12 0.4206730769230769 0.7475961538461539 0.08653846153846154 0.07692307692307693
35 0.8870192307692307 0.7776442307692307 0.08173076923076923 0.0889423076923077
4 0.6887019230769231 0.7932692307692307 0.06971153846153846 0.0625
28 0.3137019230769231 0.8064903846153846 0.09375 0.036057692307692304