20 0.390625 0.2439903846153846 0.07932692307692307 0.06490384615384616
4 0.25 0.328125 0.0625 0.06490384615384616
24 0.7427884615384616 0.4050480769230769 0.07211538461538461 0.0889423076923077
20 0.30649038461538464 0.42908653846153844 0.06971153846153846 0.07932692307692307
8 0.5913461538461539 0.43028846153846156 0.0673076923076923 0.08173076923076923
24 0.11899038461538461 0.44591346153846156 0.06490384615384616 0.08413461538461539
4 0.2127403846153846 0.47596153846153844 0.06009615384615385 0.0673076923076923
4 0.5120192307692307 0.4891826923076923 0.0673076923076923 0.06490384615384616
24 0.6646634615384616 0.5168269230769231 0.0889423076923077 0.057692307692307696
20 0.22716346153846154 0.5889423076923077 0.07932692307692307 0.07211538461538461
16 0.453125 0.5901442307692307 0.07451923076923077 0.06971153846153846
28 0.5889423076923077 0.6105769230769231 0.07692307692307693 0.09615384615384616
32 0.8858173076923077 0.6959134615384616 0.0985576923076923 0.06490384615384616
35 0.5048076923076923 0.7199519230769231 0.09134615384615384 0.09375
35 0.7620192307692307 0.7259615384615384 0.07692307692307693 0.08653846153846154
32 0.6814903846153846 0.7439903846153846 0.055288461538461536 0.0889423076923077
8 0.3954326923076923 0.7740384615384616 0.06009615384615385 0.08173076923076923
32 0.5901442307692307 0.7824519230769231 0.09375 0.05048076923076923
16 0.9338942307692307 0.7836538461538461 0.07451923076923077 0.07211538461538461
8 0.8161057692307693 0.8064903846153846 0.06490384615384616 0.036057692307692304
28 0.47475961538461536 0.8112980769230769 0.0985576923076923 0.026442307692307692
28 0.34375 0.8185096153846154 0.09615384615384616 0.01201923076923077
32 0.6838942307692307 0.8197115384615384 0.0889423076923077 0.009615384615384616