8 0.8161057692307693 0.19591346153846154 0.06490384615384616 0.040865384615384616
28 0.47475961538461536 0.1971153846153846 0.0985576923076923 0.04326923076923077
28 0.34375 0.20552884615384615 0.09615384615384616 0.06009615384615385
32 0.6838942307692307 0.20793269230769232 0.0889423076923077 0.06490384615384616
16 0.5600961538461539 0.23076923076923078 0.0673076923076923 0.07211538461538461
28 0.44471153846153844 0.2548076923076923 0.09134615384615384 0.07692307692307693
35 0.7331730769230769 0.2764423076923077 0.09134615384615384 0.09134615384615384
16 0.18870192307692307 0.28125 0.06009615384615385 0.07211538461538461
12 0.32091346153846156 0.2956730769230769 0.04567307692307692 0.09615384615384616
24 0.609375 0.3317307692307692 0.06971153846153846 0.08653846153846154
12 0.7908653846153846 0.3329326923076923 0.0673076923076923 0.0889423076923077
8 0.9350961538461539 0.37259615384615385 0.04326923076923077 0.09134615384615384
35 0.40024038461538464 0.3737980769230769 0.0889423076923077 0.08413461538461539
12 0.7103365384615384 0.3954326923076923 0.0985576923076923 0.055288461538461536
20 0.8341346153846154 0.39783653846153844 0.07692307692307693 0.07451923076923077
4 0.6814903846153846 0.47836538461538464 0.06490384615384616 0.0673076923076923