5 0.5252403846153846 0.20432692307692307 0.07932692307692307 0.057692307692307696
13 0.328125 0.21394230769230768 0.07932692307692307 0.07692307692307693
17 0.5973557692307693 0.2247596153846154 0.08413461538461539 0.0985576923076923
9 0.24759615384615385 0.29086538461538464 0.04326923076923077 0.10096153846153846
17 0.08052884615384616 0.30408653846153844 0.07451923076923077 0.11298076923076923
21 0.27283653846153844 0.421875 0.11298076923076923 0.08413461538461539
36 0.3425480769230769 0.53125 0.11778846153846154 0.08653846153846154
29 0.5492788461538461 0.6081730769230769 0.09375 0.10096153846153846
5 0.2860576923076923 0.6213942307692307 0.09134615384615384 0.07451923076923077
9 0.6682692307692307 0.6274038461538461 0.052884615384615384 0.11057692307692307
36 0.8533653846153846 0.7079326923076923 0.125 0.0889423076923077
21 0.4735576923076923 0.7295673076923077 0.11057692307692307 0.07932692307692307
21 0.8449519230769231 0.8004807692307693 0.07451923076923077 0.04807692307692308
17 0.7103365384615384 0.8125 0.11298076923076923 0.02403846153846154
9 0.19471153846153846 0.8233173076923077 0.09615384615384616 0.002403846153846154