18 0.9735576923076923 0.22716346153846154 0.052884615384615384 0.06971153846153846
6 0.5372596153846154 0.2800480769230769 0.06971153846153846 0.07451923076923077
26 0.27884615384615385 0.3713942307692308 0.057729867788461536 0.06490384615384616
22 0.6286057692307693 0.3737980769230769 0.0985576923076923 0.08413461538461539
30 0.4579326923076923 0.4074519230769231 0.06009615384615385 0.06490384615384616
26 0.7199519230769231 0.43028846153846156 0.055288461538461536 0.0625
6 0.3918269230769231 0.5060096153846154 0.0673076923076923 0.07451923076923077
14 0.765625 0.5528846153846154 0.055288461538461536 0.057692307692307696
30 0.0625 0.5817307692307693 0.0625 0.052884615384615384
30 0.5733173076923077 0.6322115384615384 0.07451923076923077 0.04807692307692308
22 0.08413461538461539 0.8004807692307693 0.09615384615384616 0.04807692307692308
10 0.9615384615384616 0.8064903846153846 0.057692307692307696 0.036057692307692304