8 0.7235576923076923 0.3076923076923077 0.057692307692307696 0.08173076923076923
24 0.890625 0.18870192307692307 0.06490384615384616 0.026442307692307692
8 0.5901442307692307 0.48677884615384615 0.055288461538461536 0.07932692307692307
32 0.8269230769230769 0.3557692307692308 0.09134615384615384 0.07692307692307693
16 0.24759615384615385 0.43509615384615385 0.0625 0.07211538461538461
28 0.7944711538461539 0.17668269230769232 0.09375 0.002403846153846154
24 0.4891826923076923 0.5480769230769231 0.06009615384615385 0.08653846153846154
24 0.484375 0.3485576923076923 0.08413461538461539 0.07692307692307693
32 0.6009615384615384 0.34975961538461536 0.057692307692307696 0.09375
20 0.3112980769230769 0.33653846153846156 0.06971153846153846 0.07692307692307693
4 0.6778846153846154 0.4074519230769231 0.0625 0.06009615384615385