4 0.13701923076923078 0.18269230769230768 0.0625 0.014423076923076924
28 0.4170673076923077 0.18870192307692307 0.07932692307692307 0.026442307692307692
32 0.2512019230769231 0.19230769230769232 0.06490384615384616 0.03365384615384615
4 0.7319711538461539 0.20192307692307693 0.06490384615384616 0.052884615384615384
8 0.34975961538461536 0.20432692307692307 0.055288461538461536 0.057692307692307696
4 0.5769230769230769 0.20673076923076922 0.0673076923076923 0.0625
35 0.18028846153846154 0.24639423076923078 0.09134615384615384 0.0889423076923077
16 0.46274038461538464 0.25 0.07451923076923077 0.07692307692307693
8 0.6490384615384616 0.26322115384615385 0.07211538461538461 0.07451923076923077
24 0.2920673076923077 0.2644230769230769 0.07932692307692307 0.08173076923076923
28 0.5564903846153846 0.3004807692307692 0.09375 0.08173076923076923
20 0.39983173076923084 0.31913461538461535 0.0793254206730769 0.07932729867788466
20 0.6730769230769231 0.3641826923076923 0.07692307692307693 0.06490384615384616
24 0.33653846153846156 0.36778846153846156 0.08173076923076923 0.08653846153846154
8 0.46274038461538464 0.38822115384615385 0.07451923076923077 0.07451923076923077
8 0.5516826923076923 0.40384615384615385 0.07451923076923077 0.07692307692307693
35 0.2644230769230769 0.4050480769230769 0.08653846153846154 0.0889423076923077
35 0.3918269230769231 0.46634615384615385 0.09134615384615384 0.09134615384615384