14 0.46033653846153844 0.41586538461538464 0.055288461538461536 0.0625
10 0.5516826923076923 0.421875 0.06009615384615385 0.07451923076923077
10 0.9867788461538461 0.7151442307692307 0.026442307692307692 0.07451923076923077
14 0.90625 0.7271634615384616 0.057692307692307696 0.06490384615384616
26 0.453125 0.7271634615384616 0.06009615384615385 0.06490384615384616
26 0.8173076923076923 0.7319711538461539 0.052884615384615384 0.06490384615384616
10 0.7247596153846154 0.7379807692307693 0.055288461538461536 0.07211538461538461
18 0.6334134615384616 0.7391826923076923 0.06009615384615385 0.06971153846153846
26 0.5432692307692307 0.7427884615384616 0.057692307692307696 0.0625
18 0.9206730769230769 0.3918269230769231 0.057692307692307696 0.0673076923076923
18 0.9915865384615384 0.3954326923076923 0.016826923076923076 0.06971153846153846
10 0.8269230769230769 0.4050480769230769 0.057692307692307696 0.06971153846153846
18 0.7379807692307693 0.40625 0.057692307692307696 0.0673076923076923
14 0.6454326923076923 0.41225961538461536 0.06009615384615385 0.06490384615384616