12 0.19110576923076922 0.18870192307692307 0.05048076923076923 0.026442307692307692
20 0.8197115384615384 0.4543269230769231 0.07211538461538461 0.07692307692307693
8 0.2848557692307692 0.38461538461538464 0.06009615384615385 0.08173076923076923
12 0.6971153846153846 0.29447115384615385 0.04807692307692308 0.10336538461538461
24 0.020432692307692308 0.1935096153846154 0.040865384615384616 0.036057692307692304
20 0.8846153846153846 0.5192307692307693 0.07692307692307693 0.07692307692307693
32 0.40024038461538464 0.29447115384615385 0.09375 0.06009615384615385
28 0.5492788461538461 0.3016826923076923 0.09375 0.06490384615384616
32 0.3161057692307692 0.20673076923076922 0.06490384615384616 0.0625
20 0.5 0.203125 0.07211538461538461 0.055288461538461536
35 0.7127403846153846 0.19831730769230768 0.07932692307692307 0.04567307692307692
16 0.8149038461538461 0.19591346153846154 0.07692307692307693 0.040865384615384616
35 0.2800480769230769 0.6538461538461539 0.0889423076923077 0.09134615384615384
4 0.1875 0.359375 0.0673076923076923 0.06971153846153846
35 0.5 0.6310096153846154 0.08173076923076923 0.0889423076923077
4 0.025240384615384616 0.3245192307692308 0.05048076923076923 0.07211538461538461
4 0.7475961538461539 0.5444711538461539 0.0625 0.06490384615384616
4 0.4495192307692308 0.4723557692307692 0.0673076923076923 0.06490384615384616