35 0.052884615384615384 0.20432692307692307 0.09134615384615384 0.057692307692307696
20 0.3942307692307692 0.21394230769230768 0.07211538461538461 0.07692307692307693
32 0.23677884615384615 0.2608173076923077 0.06971153846153846 0.0889423076923077
28 0.33653846153846156 0.27163461538461536 0.07692307692307693 0.08653846153846154
16 0.3385096153846155 0.3934134615384616 0.05529897836538457 0.07449481670673072
4 0.25 0.4735576923076923 0.0625 0.0673076923076923
8 0.13341346153846154 0.5637019230769231 0.07451923076923077 0.06971153846153846
28 0.02283653846153846 0.578125 0.04567307692307692 0.07451923076923077
35 0.25240384615384615 0.6105769230769231 0.08653846153846154 0.08173076923076923
24 0.4579326923076923 0.6538461538461539 0.055288461538461536 0.08653846153846154
12 0.038461538461538464 0.7127403846153846 0.07692307692307693 0.07932692307692307
28 0.21754807692307693 0.7235576923076923 0.06490384615384616 0.09134615384615384
32 0.1346153846153846 0.7824519230769231 0.08173076923076923 0.08413461538461539