8 0.38822115384615385 0.7764423076923077 0.040865384615384616 0.08653846153846154
16 0.23197115384615385 0.7848557692307693 0.06009615384615385 0.07451923076923077
24 0.34134615384615385 0.47115384615384615 0.09134615384615384 0.08653846153846154
28 0.5612980769230769 0.7512019230769231 0.09375 0.06971153846153846
28 0.15625 0.7944711538461539 0.0673076923076923 0.06009615384615385
8 0.7524038461538461 0.7415865384615384 0.08653846153846154 0.05048076923076923
28 0.055288461538461536 0.8088942307692307 0.08653846153846154 0.03125
12 0.08173076923076923 0.71875 0.052884615384615384 0.09615384615384616
35 0.4170673076923077 0.8221153846153846 0.0889423076923077 0.004807692307692308
12 0.7415865384615384 0.6418269230769231 0.07451923076923077 0.08653846153846154
20 0.2824519230769231 0.41586538461538464 0.07932692307692307 0.07211538461538461
20 0.6538461538461539 0.6286057692307693 0.0625 0.07451923076923077
24 0.5673076923076923 0.5264423076923077 0.08653846153846154 0.07692307692307693
28 0.31490384615384615 0.7944711538461539 0.07211538461538461 0.06009615384615385
8 0.3786057692307692 0.6514423076923077 0.06009615384615385 0.08173076923076923
4 0.17307692307692307 0.6790865384615384 0.0625 0.06490384615384616
24 0.40865384615384615 0.5492788461538461 0.08653846153846154 0.0889423076923077
35 0.59375 0.44471153846153844 0.09134615384615384 0.08653846153846154
20 0.46875 0.6430288461538461 0.0673076923076923 0.07451923076923077
4 0.31490384615384615 0.5793269230769231 0.0625 0.0673076923076923
32 0.009615384615384616 0.703125 0.019230769230769232 0.09375
16 0.08413461538461539 0.6009615384615384 0.07692307692307693 0.0673076923076923
32 0.24158653846153846 0.6346153846153846 0.07451923076923077 0.09134615384615384
20 0.5661057692307693 0.6586538461538461 0.08413461538461539 0.0673076923076923
8 0.16826923076923078 0.4807692307692308 0.08173076923076923 0.0673076923076923
35 0.5240384615384616 0.8149038461538461 0.08173076923076923 0.019230769230769232
16 0.65625 0.7572115384615384 0.0625 0.07211538461538461
32 0.5420673076923077 0.3629807692307692 0.0889423076923077 0.08173076923076923
4 0.4675480769230769 0.7524038461538461 0.06490384615384616 0.0673076923076923
4 0.46274038461538464 0.4567307692307692 0.06490384615384616 0.0673076923076923