17 0.18124999999999994 0.26865384615384613 0.09853966346153847 0.06489558293269226
36 0.4640624999999999 0.31596153846153846 0.11055326021634612 0.08411545973557688
5 0.6478846153846154 0.39249999999999996 0.07932466947115394 0.07930664062499997
13 0.19002403846153834 0.39249999999999996 0.07208383413461537 0.0985719651442308
9 0.5547596153846153 0.47834134615384616 0.09856933593749992 0.043263596754807634
25 0.5640144230769231 0.5768509615384616 0.10817157451923073 0.07214693509615386
29 0.9879807692307693 0.5889423076923077 0.02403846153846154 0.09134615384615384
36 0.745889423076923 0.6617067307692307 0.112980018028846 0.08413048377403844
17 0.3245913461538461 0.7050961538461539 0.10336350661057694 0.08654259314903821
13 0.7688221153846152 0.7606971153846155 0.09613281250000008 0.08411545973557685
9 0.03365384615384615 0.7908653846153846 0.0673076923076923 0.0673076923076923
33 0.5528846153846154 0.8016826923076923 0.08653846153846154 0.04567307692307692
21 0.84375 0.8137019230769231 0.10576923076923077 0.021634615384615384