26 0.23557692307692307 0.17908653846153846 0.052884615384615384 0.007211538461538462
10 0.02283653846153846 0.21153846153846154 0.04567307692307692 0.052884615384615384
30 0.28846153846153844 0.2439903846153846 0.052884615384615384 0.055288461538461536
30 0.9795673076923077 0.2776442307692308 0.040865384615384616 0.06971153846153846
22 0.49399038461538464 0.3088942307692308 0.0889423076923077 0.08413461538461539
14 0.8329326923076923 0.33653846153846156 0.05048076923076923 0.057692307692307696
18 0.9915865384615384 0.3713942307692308 0.016826923076923076 0.05048076923076923
26 0.03245192307692308 0.4362980769230769 0.055288461538461536 0.055288461538461536
14 0.5612980769230769 0.44591346153846156 0.055288461538461536 0.055288461538461536
18 0.4375 0.4879807692307692 0.052884615384615384 0.052884615384615384
10 0.2800480769230769 0.53125 0.055288461538461536 0.0673076923076923
30 0.5877403846153846 0.6153846153846154 0.06009615384615385 0.052884615384615384
6 0.4387019230769231 0.6346153846153846 0.06009615384615385 0.07211538461538461