8 0.8100961538461539 0.20072115384615385 0.04807692307692308 0.05048076923076923
28 0.28365384615384615 0.20432692307692307 0.08173076923076923 0.057692307692307696
8 0.38461538461538464 0.22235576923076922 0.07211538461538461 0.07451923076923077
28 0.5372596153846154 0.2764423076923077 0.0889423076923077 0.0673076923076923
16 0.6466346153846154 0.2932692307692308 0.07211538461538461 0.07692307692307693
4 0.421875 0.30528846153846156 0.06490384615384616 0.0625
32 0.28365384615384615 0.3293269230769231 0.09615384615384616 0.07692307692307693
8 0.1814903846153846 0.3401442307692308 0.05048076923076923 0.0889423076923077
32 0.5492788461538461 0.3713942307692308 0.06490384615384616 0.09375
20 0.42427884615384615 0.4026442307692308 0.07932692307692307 0.06971153846153846
8 0.28846153846153844 0.4567307692307692 0.04807692307692308 0.08653846153846154
20 0.5396634615384616 0.5048076923076923 0.07451923076923077 0.07692307692307693
28 0.6983173076923077 0.6057692307692307 0.07451923076923077 0.09134615384615384