9 0.03365384615384615 0.17668269230769232 0.0673076923076923 0.002403846153846154
33 0.5528846153846154 0.20673076923076922 0.08653846153846154 0.0625
21 0.84375 0.203125 0.10576923076923077 0.055288461538461536
21 0.25194711538461523 0.239423076923077 0.10577561598557693 0.0961602313701923
25 0.7410096153846154 0.29209134615384613 0.06731933593749992 0.1081745793269231
13 0.9615384615384616 0.2920673076923077 0.07692307692307693 0.08413461538461539
33 0.8336778846153845 0.3486538461538461 0.09617187499999985 0.1106017127403846
25 0.6371634615384614 0.4013221153846155 0.10577448918269229 0.11057128906249994
5 0.7381009615384614 0.5407932692307693 0.07211313100961547 0.086573016826923
33 0.06471153846153836 0.6870913461538463 0.11056978665865383 0.11296799879807705
21 0.6430288461538461 0.8028846153846154 0.07932692307692307 0.04326923076923077