4 0.671875 0.19230769230769232 0.06490384615384616 0.03365384615384615
12 0.14543269230769232 0.19831730769230768 0.04567307692307692 0.04567307692307692
12 0.9026442307692307 0.6658653846153846 0.06009615384615385 0.09615384615384616
12 0.25600961538461536 0.20673076923076922 0.10336538461538461 0.0625
4 0.19591346153846154 0.3088942307692308 0.06971153846153846 0.06971153846153846
24 0.35216346153846156 0.43028846153846156 0.08413461538461539 0.08653846153846154
20 0.026442307692307692 0.1875 0.052884615384615384 0.02403846153846154
32 0.5805288461538461 0.1875 0.06490384615384616 0.02403846153846154
20 0.30649038461538464 0.546875 0.07932692307692307 0.07451923076923077
20 0.16466346153846154 0.4170673076923077 0.07932692307692307 0.07932692307692307
35 0.5240384615384616 0.5096153846153846 0.07692307692307693 0.08653846153846154
4 0.06971153846153846 0.27163461538461536 0.0673076923076923 0.0673076923076923