14 0.5048076923076923 0.18389423076923078 0.057692307692307696 0.016826923076923076
22 0.2512019230769231 0.203125 0.0889423076923077 0.055288461538461536
26 0.9771634615384616 0.203125 0.04567307692307692 0.055288461538461536
6 0.5913461538461539 0.2439903846153846 0.07692307692307693 0.07451923076923077
26 0.8028846153846154 0.24759615384615385 0.057692307692307696 0.057692307692307696
30 0.18389423076923078 0.25841346153846156 0.05048076923076923 0.06971153846153846
30 0.07932692307692307 0.27884615384615385 0.04807692307692308 0.07692307692307693
10 0.9290865384615384 0.37740384615384615 0.06009615384615385 0.0673076923076923
6 0.16105769230769232 0.40024038461538464 0.07211538461538461 0.06971153846153846
30 0.9867788461538461 0.46274038461538464 0.026442307692307692 0.05048076923076923
18 0.8725961538461539 0.4951923076923077 0.057692307692307696 0.0673076923076923
22 0.5264423076923077 0.7019230769230769 0.09615384615384616 0.07211538461538461