17 0.23557692307692307 0.22956730769230768 0.09615384615384616 0.10336538461538461
29 0.40865384615384615 0.2608173076923077 0.10096153846153846 0.09375
36 0.47596153846153844 0.4206730769230769 0.09615384615384616 0.11057692307692307
5 0.8449519230769231 0.5324519230769231 0.06971153846153846 0.0889423076923077
21 0.5516826923076923 0.5637019230769231 0.07932692307692307 0.11298076923076923
29 0.707620192307692 0.6394230769230769 0.09134239783653851 0.10099759615384613
25 0.8990384615384616 0.7127403846153846 0.10096153846153846 0.10336538461538461
21 0.7860576923076923 0.7487980769230769 0.07692307692307693 0.11298076923076923
36 0.5901442307692307 0.7704326923076923 0.07932692307692307 0.10817307692307693
9 0.4795673076923077 0.7800480769230769 0.06009615384615385 0.0889423076923077
36 0.7127403846153846 0.8064903846153846 0.08413461538461539 0.036057692307692304