25 0.4579326923076923 0.19831730769230768 0.10817307692307693 0.04567307692307692
29 0.5012019230769231 0.33533653846153844 0.09375 0.0985576923076923
36 0.5997596153846154 0.39663461538461536 0.11298076923076923 0.10096153846153846
33 0.734375 0.40865384615384615 0.10817307692307693 0.08173076923076923
13 0.5096153846153846 0.49038461538461536 0.09134615384615384 0.08653846153846154
9 0.7427884615384616 0.5408653846153846 0.057692307692307696 0.10096153846153846
25 0.21514423076923078 0.5420673076923077 0.10817307692307693 0.0889423076923077
13 0.5253846153846152 0.6125721153846155 0.07931978665865376 0.10095740685096152
33 0.8617788461538461 0.6358173076923077 0.07932692307692307 0.11298076923076923
13 0.6053124999999999 0.6558173076923078 0.08173828124999996 0.09616098257211547
36 0.7451923076923077 0.7019230769230769 0.07692307692307693 0.11538461538461539
21 0.9771634615384616 0.7764423076923077 0.04567307692307692 0.07211538461538461
21 0.8653846153846154 0.78125 0.10576923076923077 0.08173076923076923
25 0.018028846153846152 0.8161057692307693 0.036057692307692304 0.016826923076923076
17 0.40865384615384615 0.8161057692307693 0.08653846153846154 0.016826923076923076