13 0.33052884615384615 0.18509615384615385 0.06971153846153846 0.019230769230769232
25 0.9338942307692307 0.375 0.10336538461538461 0.09615384615384616
9 0.17427884615384615 0.7451923076923077 0.07451923076923077 0.08653846153846154
29 0.7427884615384616 0.21634615384615385 0.11057692307692307 0.08173076923076923
5 0.4855769230769231 0.7668269230769231 0.07692307692307693 0.08653846153846154
5 0.36899038461538464 0.36778846153846156 0.08413461538461539 0.07211538461538461
21 0.3125 0.6009615384615384 0.08653846153846154 0.10576923076923077
21 0.8894230769230769 0.22716346153846154 0.07692307692307693 0.10336538461538461
17 0.7944711538461539 0.3317307692307692 0.10817307692307693 0.07692307692307693
36 0.9783653846153846 0.18990384615384615 0.04326923076923077 0.028846153846153848
33 0.5168269230769231 0.49158653846153844 0.11538461538461539 0.08413461538461539
21 0.5504807692307693 0.38822115384615385 0.07692307692307693 0.10817307692307693