32 0.5396634615384616 0.1935096153846154 0.06490384615384616 0.036057692307692304
35 0.09495192307692307 0.2091346153846154 0.07932692307692307 0.0673076923076923
28 0.45913461538461536 0.2692307692307692 0.08653846153846154 0.0673076923076923
8 0.36536057692307694 0.282235576923077 0.043270733173076954 0.08412447415865383
16 0.5721153846153846 0.4230769230769231 0.057692307692307696 0.07211538461538461
20 0.4879807692307692 0.4735576923076923 0.0625 0.07692307692307693
4 0.38341346153846156 0.48197115384615385 0.06490384615384616 0.06009615384615385
24 0.4230769230769231 0.5913461538461539 0.0673076923076923 0.09134615384615384
4 0.5396634615384616 0.609375 0.06490384615384616 0.06490384615384616
12 0.8365384615384616 0.6201923076923077 0.07692307692307693 0.08653846153846154
4 0.4963942307692308 0.7019230769230769 0.06490384615384616 0.0673076923076923
24 0.3942307692307692 0.7139423076923077 0.0625 0.08173076923076923
32 0.8629807692307693 0.7788461538461539 0.09615384615384616 0.07211538461538461
16 0.9795673076923077 0.7788461538461539 0.040865384615384616 0.07692307692307693
35 0.49158653846153844 0.7932692307692307 0.08413461538461539 0.0625
16 0.39302884615384615 0.8076923076923077 0.07451923076923077 0.03365384615384615