30 0.6610576923076923 0.5192307692307693 0.04326923076923077 0.07211538461538461
14 0.5805288461538461 0.5240384615384616 0.05048076923076923 0.057692307692307696
10 0.5 0.5252403846153846 0.05765474759615385 0.0673076923076923
26 0.25961538461538464 0.5276442307692307 0.052884615384615384 0.052884615384615384
18 0.4206730769230769 0.5300480769230769 0.052884615384615384 0.057692307692307696
10 0.3425480769230769 0.53125 0.04807692307692308 0.0625
30 0.18269230769230768 0.5324519230769231 0.04803936298076923 0.07211538461538461
22 0.09975961538461539 0.5384615384615384 0.055288461538461536 0.08653846153846154
22 0.025240384615384616 0.5576923076923077 0.05048076923076923 0.08653846153846154
26 0.5829326923076923 0.6286057692307693 0.05048076923076923 0.06009615384615385
30 0.6634615384615384 0.6298076923076923 0.04326923076923077 0.07211538461538461
30 0.5036057692307693 0.6334134615384616 0.04567307692307692 0.07211538461538461
6 0.265625 0.6346153846153846 0.06009615384615385 0.07688551682692307
10 0.3425480769230769 0.6346153846153846 0.05048076923076923 0.0625
22 0.42427884615384615 0.6370192307692307 0.055288461538461536 0.08176832932692307
14 0.18629807692307693 0.640625 0.05048076923076923 0.06009615384615385
18 0.10576923076923077 0.6466346153846154 0.04811448317307692 0.06246243990384615
10 0.026442307692307692 0.6634615384615384 0.052847055288461536 0.06727013221153846
26 0.6610576923076923 0.7403846153846154 0.052884615384615384 0.057692307692307696
18 0.5084134615384616 0.7415865384615384 0.05048076923076923 0.06009615384615385
14 0.5829326923076923 0.7415865384615384 0.055288461538461536 0.06009615384615385
22 0.4266826923076923 0.7451923076923077 0.057692307692307696 0.0865009014423077
6 0.3473557692307692 0.7451923076923077 0.06490384615384616 0.07211538461538461
26 0.2704326923076923 0.7463942307692307 0.05048076923076923 0.06009615384615385
14 0.10817307692307693 0.7524038461538461 0.04807692307692308 0.052884615384615384
6 0.1875 0.7608173076923077 0.0625 0.07211538461538461
18 0.028846153846153848 0.7704326923076923 0.052884615384615384 0.055288461538461536