22 0.9495192307692307 0.17908653846153846 0.09134615384615384 0.007211538461538462
14 0.71875 0.18389423076923078 0.057692307692307696 0.016826923076923076
6 0.5685096153846154 0.22716346153846154 0.06009615384615385 0.06971153846153846
18 0.7872596153846154 0.2439903846153846 0.05048076923076923 0.055288461538461536
18 0.6057692307692307 0.3293269230769231 0.052884615384615384 0.052884615384615384
26 0.7920673076923077 0.4074519230769231 0.055288461538461536 0.05048076923076923
6 0.33774038461538464 0.5901442307692307 0.06971153846153846 0.06009615384615385
14 0.7992788461538461 0.6754807692307693 0.05048076923076923 0.057692307692307696
14 0.6262019230769231 0.71875 0.05048076923076923 0.052884615384615384
30 0.25961538461538464 0.71875 0.0625 0.04807692307692308
22 0.5120192307692307 0.7319711538461539 0.057692307692307696 0.08413461538461539
10 0.7283653846153846 0.7367788461538461 0.04807692307692308 0.06490384615384616
26 0.4891826923076923 0.8161057692307693 0.05048076923076923 0.016826923076923076
10 0.4074519230769231 0.8173076923076923 0.05048076923076923 0.014423076923076924
10 0.7980769230769231 0.8185096153846154 0.052884615384615384 0.01201923076923077
14 0.328125 0.8197115384615384 0.05048076923076923 0.009615384615384616
6 0.6021634615384616 0.8197115384615384 0.055288461538461536 0.009615384615384616