12 0.016826923076923076 0.19110576923076922 0.03365384615384615 0.03125
32 0.49278846153846156 0.21394230769230768 0.07211538461538461 0.07692307692307693
32 0.25600961538461536 0.3293269230769231 0.08413461538461539 0.08653846153846154
32 0.6646634615384616 0.33413461538461536 0.06490384615384616 0.09615384615384616
16 0.1658653846153846 0.35697115384615385 0.07692307692307693 0.07451923076923077
20 0.9002403846153846 0.36658653846153844 0.07451923076923077 0.07932692307692307
20 0.7668269230769231 0.39663461538461536 0.07692307692307693 0.07692307692307693
28 0.4254807692307692 0.4026442307692308 0.09134615384615384 0.07451923076923077
4 0.9903846153846154 0.42788461538461536 0.019230769230769232 0.0673076923076923
12 0.625 0.4567307692307692 0.04807692307692308 0.10096153846153846
8 0.13822115384615385 0.46274038461538464 0.06971153846153846 0.07932692307692307
35 0.49038461538461536 0.4651442307692308 0.08173076923076923 0.07932692307692307
28 0.27163461538461536 0.47475961538461536 0.08173076923076923 0.08413461538461539
16 0.46033653846153844 0.5552884615384616 0.07451923076923077 0.0625
4 0.13581730769230768 0.5997596153846154 0.06490384615384616 0.06971153846153846
20 0.2848557692307692 0.6021634615384616 0.07932692307692307 0.07932692307692307