20 0.6009615384615384 0.4110576923076923 0.0673076923076923 0.07692307692307693
12 0.9098557692307693 0.18870192307692307 0.09375 0.026442307692307692
8 0.7487980769230769 0.18990384615384615 0.055288461538461536 0.028846153846153848
28 0.3401442307692308 0.41947115384615385 0.09375 0.07451923076923077
16 0.5841346153846154 0.30528846153846156 0.0673076923076923 0.07211538461538461
8 0.6754807692307693 0.4831730769230769 0.07692307692307693 0.0673076923076923
20 0.7043269230769231 0.35216346153846156 0.07211538461538461 0.07932692307692307
16 0.4807692307692308 0.21754807692307693 0.07211538461538461 0.06009615384615385
35 0.3125 0.5108173076923077 0.08653846153846154 0.08413461538461539
4 0.36778846153846156 0.18990384615384615 0.0625 0.028846153846153848
32 0.4675480769230769 0.3545673076923077 0.08413461538461539 0.08413461538461539
32 0.09134615384615384 0.25961538461538464 0.07692307692307693 0.08653846153846154