14 0.8100961538461539 0.7884615384615384 0.057692307692307696 0.0625
10 0.7223557692307693 0.7944711538461539 0.055288461538461536 0.06009615384615385
14 0.9026442307692307 0.8004807692307693 0.055288461538461536 0.04807692307692308
10 0.6286057692307693 0.7992788461538461 0.06009615384615385 0.05048076923076923
30 0.3545673076923077 0.7992788461538461 0.05048076923076923 0.05048076923076923
26 0.44711538461538464 0.8028846153846154 0.0625 0.04326923076923077
30 0.5372596153846154 0.8004807692307693 0.05048076923076923 0.04807692307692308
6 0.2644230769230769 0.8028846153846154 0.0625 0.04326923076923077
26 0.49038461538461536 0.3581730769230769 0.057692307692307696 0.0673076923076923
10 0.39903846153846156 0.3605769230769231 0.0625 0.07692307692307693
18 0.21514423076923078 0.36177884615384615 0.055288461538461536 0.06971153846153846
26 0.03125 0.3701923076923077 0.057692307692307696 0.0673076923076923
6 0.12620192307692307 0.3701923076923077 0.06490384615384616 0.08173076923076923
10 0.31009615384615385 0.3762019230769231 0.06246243990384615 0.07692307692307693