35 0.39903846153846156 0.19831730769230768 0.08653846153846154 0.04567307692307692
28 0.7572115384615384 0.20673076923076922 0.0673076923076923 0.0625
32 0.9579326923076923 0.21033653846153846 0.08413461538461539 0.06971153846153846
35 0.6646634615384616 0.21754807692307693 0.08413461538461539 0.07932692307692307
16 0.6778846153846154 0.3245192307692308 0.07692307692307693 0.0625
32 0.3125 0.38822115384615385 0.09615384615384616 0.06490384615384616
4 0.6586538461538461 0.4338942307692308 0.0625 0.06490384615384616
24 0.5420673076923077 0.4519230769230769 0.07932692307692307 0.08173076923076923
24 0.44550480769230777 0.48680288461538457 0.08174128605769226 0.08173114483173084
24 0.19591346153846154 0.5132211538461539 0.08413461538461539 0.06490384615384616
12 0.7019230769230769 0.5252403846153846 0.07692307692307693 0.0889423076923077
8 0.3629567307692308 0.5577403846153846 0.07212627704326927 0.0721033653846154
12 0.07451923076923077 0.8064903846153846 0.09134615384615384 0.036057692307692304
28 0.7415865384615384 0.8137019230769231 0.06971153846153846 0.021634615384615384