6 0.7487980769230769 0.39302884615384615 0.06490384615384616 0.07932692307692307
22 0.2512019230769231 0.5300480769230769 0.08413461538461539 0.10336538461538461
6 0.5360576923076923 0.5504807692307693 0.07692307692307693 0.0673076923076923
26 0.421875 0.5528846153846154 0.06009615384615385 0.0673076923076923
30 0.8016826923076923 0.6670673076923077 0.06009615384615385 0.06009615384615385
6 0.21995192307692307 0.6850961538461539 0.06009615384615385 0.07692307692307693
30 0.6057692307692307 0.6959134615384616 0.057692307692307696 0.055288461538461536
22 0.4855769230769231 0.7043269230769231 0.09134615384615384 0.10576923076923077
30 0.6826923076923077 0.78125 0.07211538461538461 0.052884615384615384
22 0.8088942307692307 0.7884615384615384 0.09375 0.0673076923076923
14 0.4206730769230769 0.8004807692307693 0.057692307692307696 0.04807692307692308
10 0.5444711538461539 0.8052884615384616 0.06009615384615385 0.038461538461538464
30 0.21514423076923078 0.8076923076923077 0.05048076923076923 0.03365384615384615