25 0.8461538461538461 0.37740384615384615 0.07692307692307693 0.11057692307692307
5 0.7475961538461539 0.3701923076923077 0.07211538461538461 0.08653846153846154
29 0.23918269230769232 0.765625 0.11778846153846154 0.07932692307692307
25 0.765625 0.1935096153846154 0.11778846153846154 0.036057692307692304
5 0.6298076923076923 0.39663461538461536 0.08653846153846154 0.07211538461538461
5 0.040865384615384616 0.2848557692307692 0.08173076923076923 0.07932692307692307
5 0.16466346153846154 0.5673076923076923 0.09375 0.08173076923076923
21 0.7451923076923077 0.5252403846153846 0.09615384615384616 0.10817307692307693
17 0.6550480769230769 0.28846153846153844 0.11298076923076923 0.07692307692307693
36 0.6526442307692307 0.609375 0.12259615384615384 0.09375
9 0.8762019230769231 0.5949519230769231 0.08413461538461539 0.07932692307692307
9 0.5084134615384616 0.5348557692307693 0.10336538461538461 0.06009615384615385