8 0.8858173076923077 0.1814903846153846 0.055288461538461536 0.01201923076923077
4 0.5264423076923077 0.20072115384615385 0.0625 0.05048076923076923
20 0.7884615384615384 0.20432692307692307 0.07692307692307693 0.057692307692307696
28 0.9795673076923077 0.2091346153846154 0.040865384615384616 0.0673076923076923
24 0.17427884615384615 0.2283653846153846 0.07451923076923077 0.08653846153846154
32 0.25721153846153844 0.24879807692307693 0.08173076923076923 0.0889423076923077
12 0.7331730769230769 0.2932692307692308 0.0673076923076923 0.08653846153846154
4 0.33052884615384615 0.3088942307692308 0.06490384615384616 0.06490384615384616
35 0.9915865384615384 0.3112980769230769 0.016826923076923076 0.0889423076923077
32 0.42908653846153844 0.375 0.0889423076923077 0.08173076923076923
20 0.33413461538461536 0.53125 0.07692307692307693 0.07692307692307693
28 0.8052884615384616 0.6033653846153846 0.07211538461538461 0.09134615384615384
24 0.5661057692307693 0.6586538461538461 0.06009615384615385 0.08653846153846154