12 0.5829326923076923 0.6514423076923077 0.0889423076923077 0.04807692307692308
24 0.29927884615384615 0.7872596153846154 0.06490384615384616 0.07451923076923077
16 0.036057692307692304 0.8088942307692307 0.07211538461538461 0.03125
8 0.48197115384615385 0.19471153846153846 0.040865384615384616 0.038461538461538464
32 0.055288461538461536 0.6189903846153846 0.09134615384615384 0.055288461538461536
12 0.17427884615384615 0.3605769230769231 0.09375 0.057692307692307696
32 0.6598557692307693 0.5805288461538461 0.055288461538461536 0.09375
24 0.30408653846153844 0.5649038461538461 0.0889423076923077 0.057692307692307696
4 0.22115384615384615 0.8112980769230769 0.0673076923076923 0.026442307692307692
35 0.5685096153846154 0.7680288461538461 0.08413461538461539 0.0889423076923077
20 0.3641826923076923 0.359375 0.07932692307692307 0.06971153846153846
16 0.5060096153846154 0.5841346153846154 0.06971153846153846 0.07692307692307693
20 0.19471153846153846 0.49038461538461536 0.0625 0.07211538461538461
35 0.9411057692307693 0.20192307692307693 0.07451923076923077 0.052884615384615384