8 0.16826923076923078 0.8233173076923077 0.08173076923076923 0.002403846153846154
12 0.6117788461538461 0.41466346153846156 0.0889423076923077 0.040865384615384616
8 0.4639423076923077 0.4891826923076923 0.08173076923076923 0.040865384615384616
28 0.42788461538461536 0.19110576923076922 0.0673076923076923 0.03125
16 0.8882211538461539 0.8233173076923077 0.06490384615384616 0.002403846153846154
24 0.35096153846153844 0.2439903846153846 0.057692307692307696 0.08413461538461539
28 0.6225961538461539 0.7992788461538461 0.09615384615384616 0.05048076923076923
16 0.05889423076923077 0.8233173076923077 0.06971153846153846 0.002403846153846154
16 0.6947115384615384 0.4639423076923077 0.0673076923076923 0.07211538461538461
32 0.9651442307692307 0.7463942307692307 0.06971153846153846 0.09375
24 0.4795673076923077 0.8173076923076923 0.06971153846153846 0.014423076923076924
28 0.22235576923076922 0.7331730769230769 0.0889423076923077 0.07211538461538461
20 0.010817307692307692 0.640625 0.021634615384615384 0.07451923076923077
32 0.02403846153846154 0.7572115384615384 0.04807692307692308 0.07692307692307693
20 0.5264423076923077 0.32572115384615385 0.07211538461538461 0.07451923076923077
35 0.7740384615384616 0.36778846153846156 0.08173076923076923 0.08653846153846154
4 0.9783653846153846 0.32572115384615385 0.04326923076923077 0.06490384615384616
20 0.8076923076923077 0.5949519230769231 0.0673076923076923 0.07451923076923077
35 0.9387019230769231 0.5 0.0889423076923077 0.08173076923076923