12 0.47716346153846156 0.4807692307692308 0.09375 0.04326923076923077
12 0.9098557692307693 0.8185096153846154 0.09375 0.01201923076923077
12 0.29086538461538464 0.6502403846153846 0.04326923076923077 0.10336538461538461
28 0.15504807692307693 0.49038461538461536 0.06971153846153846 0.09134615384615384
8 0.7487980769230769 0.796875 0.055288461538461536 0.055288461538461536
8 0.33653846153846156 0.4519230769230769 0.08173076923076923 0.04807692307692308
24 0.07572115384615384 0.265625 0.0889423076923077 0.06971153846153846
24 0.06370192307692307 0.6346153846153846 0.08413461538461539 0.08173076923076923
8 0.6177884615384616 0.5252403846153846 0.057692307692307696 0.08413461538461539
32 0.8185096153846154 0.5528846153846154 0.09375 0.057692307692307696
16 0.5108173076923077 0.32091346153846156 0.07451923076923077 0.07451923076923077
32 0.9387019230769231 0.3401442307692308 0.09375 0.06971153846153846
20 0.9278846153846154 0.4495192307692308 0.07692307692307693 0.07211538461538461
4 0.36778846153846156 0.8052884615384616 0.0625 0.038461538461538464
4 0.7055288461538461 0.421875 0.06490384615384616 0.06971153846153846
20 0.04927884615384615 0.4723557692307692 0.07451923076923077 0.06971153846153846
35 0.9567307692307693 0.625 0.08173076923076923 0.09134615384615384
35 0.15865384615384615 0.6947115384615384 0.09134615384615384 0.09134615384615384
35 0.5889423076923077 0.41586538461538464 0.08173076923076923 0.07211538461538461