20 0.8762019230769231 0.359375 0.06490384615384616 0.07932692307692307
24 0.6490384615384616 0.36899038461538464 0.08653846153846154 0.08413461538461539
32 0.16346153846153846 0.38341346153846156 0.09134615384615384 0.08413461538461539
28 0.390625 0.4230769230769231 0.09375 0.08173076923076923
12 0.265625 0.4254807692307692 0.04567307692307692 0.10096153846153846
32 0.6947115384615384 0.43149038461538464 0.08653846153846154 0.07932692307692307
32 0.5084134615384616 0.4362980769230769 0.07451923076923077 0.09375
4 0.18269230769230768 0.49038461538461536 0.0625 0.0625
16 0.5985576923076923 0.49158653846153844 0.07211538461538461 0.07451923076923077
28 0.7487980769230769 0.5096153846153846 0.0889423076923077 0.07692307692307693
4 0.4411057692307692 0.5228365384615384 0.06490384615384616 0.06490384615384616
8 0.703125 0.59375 0.07932692307692307 0.0625