12 0.5985576923076923 0.30288461538461536 0.09615384615384616 0.052884615384615384
16 0.7680288461538461 0.49399038461538464 0.07451923076923077 0.06490384615384616
8 0.984375 0.5745192307692307 0.03125 0.07211538461538461
24 0.640625 0.6033653846153846 0.08413461538461539 0.08173076923076923
35 0.9615384615384616 0.36538461538461536 0.07692307692307693 0.08653846153846154
4 0.5204326923076923 0.6502403846153846 0.06971153846153846 0.06971153846153846
24 0.47836538461538464 0.23076923076923078 0.07211538461538461 0.08653846153846154
35 0.8641826923076923 0.35096153846153844 0.08413461538461539 0.08173076923076923
28 0.5985576923076923 0.7740384615384616 0.09134615384615384 0.0673076923076923
16 0.7776442307692307 0.26322115384615385 0.07451923076923077 0.06009615384615385
35 0.9639423076923077 0.7127403846153846 0.07211538461538461 0.09375
20 0.7908653846153846 0.41225961538461536 0.08173076923076923 0.06971153846153846