9 0.9603365384615384 0.18629807692307693 0.036057692307692304 0.021634615384615384
36 0.7548076923076923 0.19230769230769232 0.11057692307692307 0.03365384615384615
36 0.6418269230769231 0.21995192307692307 0.09615384615384616 0.0889423076923077
29 0.44711538461538464 0.3088942307692308 0.09134615384615384 0.0985576923076923
5 0.7211538461538461 0.3125 0.08653846153846154 0.07692307692307693
25 0.18509615384615385 0.3125 0.10576923076923077 0.10576923076923077
25 0.052884615384615384 0.38822115384615385 0.08173076923076923 0.11298076923076923
25 0.8629807692307693 0.46634615384615385 0.11057692307692307 0.09134615384615384
17 0.9735576923076923 0.4795673076923077 0.052884615384615384 0.0889423076923077
9 0.2800480769230769 0.4879807692307692 0.05048076923076923 0.10576923076923077
21 0.8173076923076923 0.5540865384615384 0.11057692307692307 0.07932692307692307
33 0.43028846153846156 0.6370192307692307 0.11057692307692307 0.08653846153846154
17 0.25600961538461536 0.6478365384615384 0.10817307692307693 0.06971153846153846