22 0.08413461538461539 0.18629807692307693 0.09615384615384616 0.021634615384615384
10 0.9615384615384616 0.19471153846153846 0.057692307692307696 0.038461538461538464
6 0.7403846153846154 0.2932692307692308 0.07692307692307693 0.07211538461538461
18 0.23798076923076922 0.2956730769230769 0.057692307692307696 0.0625
30 0.6225961538461539 0.3076923076923077 0.052884615384615384 0.08173076923076923
14 0.09735576923076923 0.3858173076923077 0.06009615384615385 0.06009615384615385
10 0.8221153846153846 0.39663461538461536 0.057692307692307696 0.07211538461538461
14 0.28125 0.421875 0.057692307692307696 0.055288461538461536
6 0.46274038461538464 0.4735576923076923 0.06971153846153846 0.07692307692307693
22 0.8834134615384616 0.5420673076923077 0.09375 0.06490384615384616
10 0.140625 0.5516826923076923 0.06490384615384616 0.06490384615384616
26 0.7548076923076923 0.5733173076923077 0.057692307692307696 0.06009615384615385
18 0.46033653846153844 0.5865384615384616 0.06490384615384616 0.0625