36 0.1310096153846154 0.19831730769230768 0.07932692307692307 0.04567307692307692
25 0.4735576923076923 0.23197115384615385 0.10576923076923077 0.10336538461538461
33 0.6129807692307693 0.23317307692307693 0.11057692307692307 0.08653846153846154
9 0.7800480769230769 0.27524038461538464 0.04567307692307692 0.0985576923076923
13 0.18629807692307693 0.2860576923076923 0.0889423076923077 0.08173076923076923
5 0.04927884615384615 0.3245192307692308 0.07932692307692307 0.09134615384615384
25 0.2552403846153845 0.3964663461538462 0.11298076923076923 0.10576923076923077
33 0.7019230769230769 0.44711538461538464 0.11057692307692307 0.08653846153846154
33 0.0985576923076923 0.4483173076923077 0.10576923076923077 0.10336538461538461
17 0.17307692307692307 0.5444711538461539 0.11057692307692307 0.09375
36 0.5120192307692307 0.5889423076923077 0.09615384615384616 0.11057692307692307
5 0.04807692307692308 0.6502403846153846 0.09615384615384616 0.06971153846153846