22 0.5408653846153846 0.18389423076923078 0.08173076923076923 0.016826923076923076
26 0.6550480769230769 0.18509615384615385 0.05048076923076923 0.019230769230769232
10 0.4170673076923077 0.18870192307692307 0.06009615384615385 0.026442307692307692
6 0.32211538461538464 0.19471153846153846 0.057692307692307696 0.038461538461538464
10 0.22956730769230768 0.21754807692307693 0.0625 0.055288461538461536
10 0.5661057692307693 0.22956730769230768 0.055288461538461536 0.055288461538461536
14 0.47596153846153844 0.2548076923076923 0.04807692307692308 0.052884615384615384
26 0.6790865384615384 0.27884615384615385 0.05048076923076923 0.057692307692307696
10 0.38221153846153844 0.28125 0.0625 0.052847055288461536
30 0.29086538461538464 0.30408653846153844 0.04326923076923077 0.06490384615384616
6 0.5889423076923077 0.31971153846153844 0.057692307692307696 0.0673076923076923
14 0.5132211538461539 0.3557692307692308 0.05048076923076923 0.0625
14 0.3918269230769231 0.38100961538461536 0.052884615384615384 0.06009615384615385