36 0.22355769230769232 0.1875 0.11057692307692307 0.02403846153846154
33 0.7752403846153846 0.2091346153846154 0.10817307692307693 0.0673076923076923
5 0.02283653846153846 0.21033653846153846 0.04567307692307692 0.06490384615384616
5 0.9286778846153845 0.21923076923076934 0.08172663762019229 0.0625135216346154
17 0.2271875 0.26841346153846146 0.10334998497596154 0.05770282451923073
33 0.02403846153846154 0.3870192307692308 0.04807692307692308 0.10096153846153846
5 0.36473557692307695 0.47932692307692304 0.08171461838942307 0.08173039362980762
25 0.5406249999999999 0.48810096153846144 0.08171424278846146 0.11060772235576923
17 0.729855769230769 0.5322836538461537 0.10334923377403846 0.10096003605769227
29 0.03365384615384615 0.5480769230769231 0.0673076923076923 0.11057692307692307
29 0.8094711538461539 0.6273076923076923 0.08653733473557697 0.1057711087740385