12 0.10697115384615384 0.18629807692307693 0.04567307692307692 0.021634615384615384
4 0.5396634615384616 0.2800480769230769 0.06971153846153846 0.06490384615384616
4 0.3173076923076923 0.30408653846153844 0.0673076923076923 0.06490384615384616
16 0.43149038461538464 0.3137019230769231 0.06971153846153846 0.06490384615384616
35 0.20432692307692307 0.31971153846153844 0.07692307692307693 0.08653846153846154
24 0.1045673076923077 0.35096153846153844 0.08413461538461539 0.0673076923076923
32 0.38341346153846156 0.4050480769230769 0.06009615384615385 0.09375
12 0.8978365384615384 0.42908653846153844 0.05048076923076923 0.10336538461538461
8 0.7079326923076923 0.44350961538461536 0.07451923076923077 0.07451923076923077
32 0.34615384615384615 0.5180288461538461 0.057692307692307696 0.09375
4 0.46153846153846156 0.5480769230769231 0.0673076923076923 0.0673076923076923